3


4
0.0000 0.0000 0.0000
1.0000 0.0000 0.5000
1.0000 1.0000 2.0000
0.0000 1.0000 0.5000

5
0.0000 0.0000 0.0000
1.0000 1.0000 0.5000
2.0000 0.0000 2.0000
2.0000 2.0000 3.0000
0.0000 2.0000 0.0000

5
0.0000 0.0000 0.0000
0.0000 2.0000 0.0000
2.0000 2.0000 3.0000
2.0000 0.0000 2.0000
1.0000 1.0000 0.5000




11
0.0000 0.0000 100.0000
1.0000 1.0000 100.0000
2.0000 0.0000 100.0000
2.0000 2.0000 100.0000
3.0000 2.0000 100.0000
3.0000 -2.0000 100.0000
1.0000 0.0000 100.0000
1.0000 -3.0000 100.0000
4.0000 -3.0000 100.0000
4.0000 4.0000 100.0000
0.0000 4.0000 100.0000
