113.841996
84.852814
102.393820
62.574001
84.852814
37.947332
63.599873
26.983141
53.665631
0.668529
28.156864
117.094749
120.000000
84.852814
101.356774
64.240209
84.852814
1.121911
26.245375
117.511250
120.000000
84.852814
100.284658
65.901346
84.852814
1.543257
24.312672
119.266048
119.646538
117.898383
120.000000
113.841996
118.919092
108.955126
116.417100
102.899151
112.601174
95.451806
107.331263
84.852814
99.177681
78.094965
93.704257
74.963406
91.110792
67.555811
84.852814
53.665631
72.725186
41.484643
61.739491
29.104275
50.286981
16.092681
37.947332
1.932223
22.360038
9.338007
13.305849
118.255214
120.000000
84.852814
98.036144
69.201984
84.852814
2.288488
20.396078
118.580868
120.000000
117.669681
119.886739
115.382874
119.073345
107.331263
114.290898
106.676947
113.841996
94.722266
104.898873
88.458497
99.846035
84.852814
96.860440
70.838232
84.852814
66.564024
81.086955
58.277152
73.672874
37.947332
54.954791
36.573087
53.665631
14.979253
32.966535
5.780336
23.535619
2.611755
18.439089
118.874536
120.000000
84.852814
95.651058
72.462923
84.852814
2.901751
16.492423
119.135474
120.000000
84.852814
94.408579
74.074423
84.852814
3.158227
14.560220
119.363015
120.000000
116.417100
118.793939
113.841996
117.142447
101.239379
107.331263
96.000000
102.899151
84.852814
93.133680
75.671115
84.852814
61.739491
72.000000
53.665631
64.425059
26.036916
37.947332
17.109360
29.104275
3.380962
12.649111
119.556572
120.000000
84.852814
91.827130
77.251395
84.852814
3.569763
10.770330
119.715639
120.000000
115.771659
117.669681
110.961372
113.841996
107.331263
110.769231
99.846035
104.189177
84.852814
90.489792
78.813689
84.852814
59.536673
66.564024
46.153846
53.665631
37.947332
45.689977
23.575195
31.574089
3.724465
8.944272
119.839798
120.000000
84.852814
89.122613
80.356455
84.852814
3.844931
7.211103
119.928720
120.000000
84.852814
87.726632
81.878190
84.852814
3.931055
5.656854
119.982168
120.000000
113.841996
114.479246
106.390182
107.331263
84.852814
86.302967
83.377443
84.852814
53.665631
55.507921
35.979192
37.947332
3.982760
4.472136
120.000000
111.417203
111.417203
110.297404
110.297404
84.852814
84.852814
47.270316
47.270316
44.566881
44.566881
4.000000
120.000000
119.982168
114.479246
113.841996
107.331263
106.390182
86.302967
84.852814
84.852814
83.377443
55.507921
53.665631
37.947332
35.979192
4.472136
3.982760
120.000000
119.928720
87.726632
84.852814
84.852814
81.878190
5.656854
3.931055
120.000000
119.839798
89.122613
84.852814
84.852814
80.356455
7.211103
3.844931
120.000000
119.715639
117.669681
115.771659
113.841996
110.961372
110.769231
107.331263
104.189177
99.846035
90.489792
84.852814
84.852814
78.813689
66.564024
59.536673
53.665631
46.153846
45.689977
37.947332
31.574089
23.575195
8.944272
3.724465
120.000000
119.556572
91.827130
84.852814
84.852814
77.251395
10.770330
3.569763
120.000000
119.363015
118.793939
116.417100
117.142447
113.841996
107.331263
101.239379
102.899151
96.000000
93.133680
84.852814
84.852814
75.671115
72.000000
61.739491
64.425059
53.665631
37.947332
26.036916
29.104275
17.109360
12.649111
3.380962
120.000000
119.135474
94.408579
84.852814
84.852814
74.074423
14.560220
3.158227
120.000000
118.874536
95.651058
84.852814
84.852814
72.462923
16.492423
2.901751
120.000000
118.580868
119.886739
117.669681
119.073345
115.382874
114.290898
107.331263
113.841996
106.676947
104.898873
94.722266
99.846035
88.458497
96.860440
84.852814
84.852814
70.838232
81.086955
66.564024
73.672874
58.277152
54.954791
37.947332
53.665631
36.573087
32.966535
14.979253
23.535619
5.780336
18.439089
2.611755
120.000000
118.255214
98.036144
84.852814
84.852814
69.201984
20.396078
2.288488
119.646538
119.266048
120.000000
117.898383
118.919092
113.841996
116.417100
108.955126
112.601174
102.899151
107.331263
95.451806
99.177681
84.852814
93.704257
78.094965
91.110792
74.963406
84.852814
67.555811
72.725186
53.665631
61.739491
41.484643
50.286981
29.104275
37.947332
16.092681
22.360038
1.932223
13.305849
9.338007
120.000000
117.511250
100.284658
84.852814
84.852814
65.901346
24.312672
1.543257
120.000000
117.094749
101.356774
84.852814
84.852814
64.240209
26.245375
1.121911
120.000000
116.649865
116.926943
107.331263
113.841996
101.759796
102.393820
84.852814
84.852814
62.574001
63.599873
37.947332
53.665631
26.983141
28.156864
0.668529
120.000000
116.177629
118.367271
109.657386
112.001473
97.648017
103.395677
84.852814
84.852814
60.904303
69.748583
43.077490
48.736616
19.727878
30.045939
0.183474
118.312627
120.000000
84.852814
97.839264
69.480057
84.852814
0.317086
20.052988
118.627752
120.000000
112.775211
117.669681
99.846035
108.741977
84.852814
96.678122
71.086854
84.852814
50.746256
66.564024
23.533936
41.009168
0.635014
18.095759
118.911851
120.000000
113.841996
117.908429
99.147281
107.331263
84.852814
95.484512
72.682240
84.852814
53.665631
67.600419
22.307000
37.947332
0.920195
16.123641
119.164228
120.000000
108.578244
113.841996
107.331263
112.906489
84.852814
94.259001
74.264667
84.852814
40.646336
53.665631
37.947332
51.095644
1.172394
14.142136
119.384260
120.000000
84.852814
93.002243
75.832598
84.852814
1.391400
12.165525
119.571397
120.000000
84.852814
91.714978
77.384513
84.852814
1.577029
10.198039
119.725164
120.000000
117.669681
118.992049
95.114879
99.846035
84.852814
90.398033
78.918918
84.852814
66.564024
73.165291
15.537448
23.533936
1.729124
8.246211
119.845172
120.000000
113.841996
115.622149
104.467541
107.331263
84.852814
89.052317
80.434351
84.852814
53.665631
59.046871
32.117264
37.947332
1.847556
6.324555
119.931114
120.000000
119.266048
119.646538
116.417100
117.336290
112.491033
113.841996
107.331263
109.087779
100.748419
102.899151
91.110792
93.704257
84.852814
87.678819
81.929388
84.852814
74.963406
78.094965
61.739491
65.190153
49.998565
53.665631
37.947332
41.782384
25.143491
29.104275
9.338007
13.305849
1.932223
4.472136
119.982767
120.000000
84.852814
86.278605
83.402652
84.852814
1.983052
2.828427
120.000000
84.852814
84.852814
2.000000
120.000000
119.982767
86.278605
84.852814
84.852814
83.402652
2.828427
1.983052
120.000000
119.931114
119.646538
119.266048
117.336290
116.417100
113.841996
112.491033
109.087779
107.331263
102.899151
100.748419
93.704257
91.110792
87.678819
84.852814
84.852814
81.929388
78.094965
74.963406
65.190153
61.739491
53.665631
49.998565
41.782384
37.947332
29.104275
25.143491
13.305849
9.338007
4.472136
1.932223
120.000000
119.845172
115.622149
113.841996
107.331263
104.467541
89.052317
84.852814
84.852814
80.434351
59.046871
53.665631
37.947332
32.117264
6.324555
1.847556
120.000000
119.725164
118.992049
117.669681
99.846035
95.114879
90.398033
84.852814
84.852814
78.918918
73.165291
66.564024
23.533936
15.537448
8.246211
1.729124
120.000000
119.571397
91.714978
84.852814
84.852814
77.384513
10.198039
1.577029
120.000000
119.384260
93.002243
84.852814
84.852814
75.832598
12.165525
1.391400
120.000000
119.164228
113.841996
108.578244
112.906489
107.331263
94.259001
84.852814
84.852814
74.264667
53.665631
40.646336
51.095644
37.947332
14.142136
1.172394
120.000000
118.911851
117.908429
113.841996
107.331263
99.147281
95.484512
84.852814
84.852814
72.682240
67.600419
53.665631
37.947332
22.307000
16.123641
0.920195
120.000000
118.627752
117.669681
112.775211
108.741977
99.846035
96.678122
84.852814
84.852814
71.086854
66.564024
50.746256
41.009168
23.533936
18.095759
0.635014
120.000000
118.312627
97.839264
84.852814
84.852814
69.480057
20.052988
0.317086
120.000000
113.841996
113.841996
107.331263
107.331263
84.852814
84.852814
53.665631
53.665631
37.947332
37.947332
0.000000
