743

60
58 -14
-38 46

60
58 -14
-14 -58

60
58 -14
-14 58

60
58 -14
14 -58

60
58 -14
14 58

60
58 -14
38 -46

60
58 -14
38 46

60
58 -14
46 -38

60
58 -14
46 38

60
58 -14
58 -14

60
58 -14
58 14

60
58 -13
-58 -13

60
58 -13
-58 13

60
58 -13
-13 -58

60
58 -13
-13 58

60
58 -13
13 -58

60
58 -13
13 58

60
58 -13
58 -13

60
58 -13
58 13

60
58 -12
-58 -12

60
58 -12
-58 12

60
58 -12
-12 -58

60
58 -12
-12 58

60
58 -12
12 -58

60
58 -12
12 58

60
58 -12
58 -12

60
58 -12
58 12

60
58 -11
-59 -2

60
58 -11
-59 2

60
58 -11
-58 -11

60
58 -11
-58 11

60
58 -11
-53 -26

60
58 -11
-53 26

60
58 -11
-46 -37

60
58 -11
-46 37

60
58 -11
-37 -46

60
58 -11
-37 46

60
58 -11
-26 -53

60
58 -11
-26 53

60
58 -11
-11 -58

60
58 -11
-11 58

60
58 -11
-2 -59

60
58 -11
-2 59

60
58 -11
2 -59

60
58 -11
2 59

60
58 -11
11 -58

60
58 -11
11 58

60
58 -11
26 -53

60
58 -11
26 53

60
58 -11
37 -46

60
58 -11
37 46

60
58 -11
46 -37

60
58 -11
46 37

60
58 -11
53 -26

60
58 -11
53 26

60
58 -11
58 -11

60
58 -11
58 11

60
58 -11
59 -2

60
58 -11
59 2

60
58 -10
-58 -10

60
58 -10
-58 10

60
58 -10
-10 -58

60
58 -10
-10 58

60
58 -10
10 -58

60
58 -10
10 58

60
58 -10
58 -10

60
58 -10
58 10

60
58 -9
-58 -9

60
58 -9
-58 9

60
58 -9
-57 -14

60
58 -9
-57 14

60
58 -9
-54 -23

60
58 -9
-54 23

60
58 -9
-42 -41

60
58 -9
-42 41

60
58 -9
-41 -42

60
58 -9
-41 42

60
58 -9
-23 -54

60
58 -9
-23 54

60
58 -9
-14 -57

60
58 -9
-14 57

60
58 -9
-9 -58

60
58 -9
-9 58

60
58 -9
9 -58

60
58 -9
9 58

60
58 -9
14 -57

60
58 -9
14 57

60
58 -9
23 -54

60
58 -9
23 54

60
58 -9
41 -42

60
58 -9
41 42

60
58 -9
42 -41

60
58 -9
42 41

60
58 -9
54 -23

60
58 -9
54 23

60
58 -9
57 -14

60
58 -9
57 14

60
58 -9
58 -9

60
58 -9
58 9

60
58 -8
-58 -8

60
58 -8
-58 8

60
58 -8
-8 -58

60
58 -8
-8 58

60
58 -8
8 -58

60
58 -8
8 58

60
58 -8
58 -8

60
58 -8
58 8

60
58 -7
-58 -7

60
58 -7
-58 7

60
58 -7
-7 -58

60
58 -7
-7 58

60
58 -7
7 -58

60
58 -7
7 58

60
58 -7
58 -7

60
58 -7
58 7

60
58 -6
-58 -6

60
58 -6
-58 6

60
58 -6
-54 -22

60
58 -6
-54 22

60
58 -6
-50 -30

60
58 -6
-50 30

60
58 -6
-30 -50

60
58 -6
-30 50

60
58 -6
-22 -54

60
58 -6
-22 54

60
58 -6
-6 -58

60
58 -6
-6 58

60
58 -6
6 -58

60
58 -6
6 58

60
58 -6
22 -54

60
58 -6
22 54

60
58 -6
30 -50

60
58 -6
30 50

60
58 -6
50 -30

60
58 -6
50 30

60
58 -6
54 -22

60
58 -6
54 22

60
58 -6
58 -6

60
58 -6
58 6

60
58 -5
-58 -5

60
58 -5
-58 5

60
58 -5
-5 -58

60
58 -5
-5 58

60
58 -5
5 -58

60
58 -5
5 58

60
58 -5
58 -5

60
58 -5
58 5

60
58 -4
-58 -4

60
58 -4
-58 4

60
58 -4
-52 -26

60
58 -4
-52 26

60
58 -4
-44 -38

60
58 -4
-44 38

60
58 -4
-38 -44

60
58 -4
-38 44

60
58 -4
-26 -52

60
58 -4
-26 52

60
58 -4
-4 -58

60
58 -4
-4 58

60
58 -4
4 -58

60
58 -4
4 58

60
58 -4
26 -52

60
58 -4
26 52

60
58 -4
38 -44

60
58 -4
38 44

60
58 -4
44 -38

60
58 -4
44 38

60
58 -4
52 -26

60
58 -4
52 26

60
58 -4
58 -4

60
58 -4
58 4

60
58 -3
-58 -3

60
58 -3
-58 3

60
58 -3
-3 -58

60
58 -3
-3 58

60
58 -3
3 -58

60
58 -3
3 58

60
58 -3
58 -3

60
58 -3
58 3

60
58 -2
-58 -2

60
58 -2
-58 2

60
58 -2
-2 -58

60
58 -2
-2 58

60
58 -2
2 -58

60
58 -2
2 58

60
58 -2
58 -2

60
58 -2
58 2

60
58 -1
-58 -1

60
58 -1
-58 1

60
58 -1
-47 -34

60
58 -1
-47 34

60
58 -1
-34 -47

60
58 -1
-34 47

60
58 -1
-1 -58

60
58 -1
-1 58

60
58 -1
1 -58

60
58 -1
1 58

60
58 -1
34 -47

60
58 -1
34 47

60
58 -1
47 -34

60
58 -1
47 34

60
58 -1
58 -1

60
58 -1
58 1

60
58 0
-58 0

60
58 0
-42 -40

60
58 0
-42 40

60
58 0
-40 -42

60
58 0
-40 42

60
58 0
0 -58

60
58 0
0 58

60
58 0
40 -42

60
58 0
40 42

60
58 0
42 -40

60
58 0
42 40

60
58 0
58 0

60
58 1
-58 -1

60
58 1
-58 1

60
58 1
-47 -34

60
58 1
-47 34

60
58 1
-34 -47

60
58 1
-34 47

60
58 1
-1 -58

60
58 1
-1 58

60
58 1
1 -58

60
58 1
1 58

60
58 1
34 -47

60
58 1
34 47

60
58 1
47 -34

60
58 1
47 34

60
58 1
58 -1

60
58 1
58 1

60
58 2
-58 -2

60
58 2
-58 2

60
58 2
-2 -58

60
58 2
-2 58

60
58 2
2 -58

60
58 2
2 58

60
58 2
58 -2

60
58 2
58 2

60
58 3
-58 -3

60
58 3
-58 3

60
58 3
-3 -58

60
58 3
-3 58

60
58 3
3 -58

60
58 3
3 58

60
58 3
58 -3

60
58 3
58 3

60
58 4
-58 -4

60
58 4
-58 4

60
58 4
-52 -26

60
58 4
-52 26

60
58 4
-44 -38

60
58 4
-44 38

60
58 4
-38 -44

60
58 4
-38 44

60
58 4
-26 -52

60
58 4
-26 52

60
58 4
-4 -58

60
58 4
-4 58

60
58 4
4 -58

60
58 4
4 58

60
58 4
26 -52

60
58 4
26 52

60
58 4
38 -44

60
58 4
38 44

60
58 4
44 -38

60
58 4
44 38

60
58 4
52 -26

60
58 4
52 26

60
58 4
58 -4

60
58 4
58 4

60
58 5
-58 -5

60
58 5
-58 5

60
58 5
-5 -58

60
58 5
-5 58

60
58 5
5 -58

60
58 5
5 58

60
58 5
58 -5

60
58 5
58 5

60
58 6
-58 -6

60
58 6
-58 6

60
58 6
-54 -22

60
58 6
-54 22

60
58 6
-50 -30

60
58 6
-50 30

60
58 6
-30 -50

60
58 6
-30 50

60
58 6
-22 -54

60
58 6
-22 54

60
58 6
-6 -58

60
58 6
-6 58

60
58 6
6 -58

60
58 6
6 58

60
58 6
22 -54

60
58 6
22 54

60
58 6
30 -50

60
58 6
30 50

60
58 6
50 -30

60
58 6
50 30

60
58 6
54 -22

60
58 6
54 22

60
58 6
58 -6

60
58 6
58 6

60
58 7
-58 -7

60
58 7
-58 7

60
58 7
-7 -58

60
58 7
-7 58

60
58 7
7 -58

60
58 7
7 58

60
58 7
58 -7

60
58 7
58 7

60
58 8
-58 -8

60
58 8
-58 8

60
58 8
-8 -58

60
58 8
-8 58

60
58 8
8 -58

60
58 8
8 58

60
58 8
58 -8

60
58 8
58 8

60
58 9
-58 -9

60
58 9
-58 9

60
58 9
-57 -14

60
58 9
-57 14

60
58 9
-54 -23

60
58 9
-54 23

60
58 9
-42 -41

60
58 9
-42 41

60
58 9
-41 -42

60
58 9
-41 42

60
58 9
-23 -54

60
58 9
-23 54

60
58 9
-14 -57

60
58 9
-14 57

60
58 9
-9 -58

60
58 9
-9 58

60
58 9
9 -58

60
58 9
9 58

60
58 9
14 -57

60
58 9
14 57

60
58 9
23 -54

60
58 9
23 54

60
58 9
41 -42

60
58 9
41 42

60
58 9
42 -41

60
58 9
42 41

60
58 9
54 -23

60
58 9
54 23

60
58 9
57 -14

60
58 9
57 14

60
58 9
58 -9

60
58 9
58 9

60
58 10
-58 -10

60
58 10
-58 10

60
58 10
-10 -58

60
58 10
-10 58

60
58 10
10 -58

60
58 10
10 58

60
58 10
58 -10

60
58 10
58 10

60
58 11
-59 -2

60
58 11
-59 2

60
58 11
-58 -11

60
58 11
-58 11

60
58 11
-53 -26

60
58 11
-53 26

60
58 11
-46 -37

60
58 11
-46 37

60
58 11
-37 -46

60
58 11
-37 46

60
58 11
-26 -53

60
58 11
-26 53

60
58 11
-11 -58

60
58 11
-11 58

60
58 11
-2 -59

60
58 11
-2 59

60
58 11
2 -59

60
58 11
2 59

60
58 11
11 -58

60
58 11
11 58

60
58 11
26 -53

60
58 11
26 53

60
58 11
37 -46

60
58 11
37 46

60
58 11
46 -37

60
58 11
46 37

60
58 11
53 -26

60
58 11
53 26

60
58 11
58 -11

60
58 11
58 11

60
58 11
59 -2

60
58 11
59 2

60
58 12
-58 -12

60
58 12
-58 12

60
58 12
-12 -58

60
58 12
-12 58

60
58 12
12 -58

60
58 12
12 58

60
58 12
58 -12

60
58 12
58 12

60
58 13
-58 -13

60
58 13
-58 13

60
58 13
-13 -58

60
58 13
-13 58

60
58 13
13 -58

60
58 13
13 58

60
58 13
58 -13

60
58 13
58 13

60
58 14
-58 -14

60
58 14
-58 14

60
58 14
-46 -38

60
58 14
-46 38

60
58 14
-38 -46

60
58 14
-38 46

60
58 14
-14 -58

60
58 14
-14 58

60
58 14
14 -58

60
58 14
14 58

60
58 14
38 -46

60
58 14
38 46

60
58 14
46 -38

60
58 14
46 38

60
58 14
58 -14

60
58 14
58 14

60
58 15
-58 -15

60
58 15
-58 15

60
58 15
-50 -33

60
58 15
-50 33

60
58 15
-33 -50

60
58 15
-33 50

60
58 15
-15 -58

60
58 15
-15 58

60
58 15
15 -58

60
58 15
15 58

60
58 15
33 -50

60
58 15
33 50

60
58 15
50 -33

60
58 15
50 33

60
58 15
58 -15

60
58 15
58 15

60
59 -10
-59 -10

60
59 -10
-59 10

60
59 -10
-10 -59

60
59 -10
-10 59

60
59 -10
10 -59

60
59 -10
10 59

60
59 -10
59 -10

60
59 -10
59 10

60
59 -9
-59 -9

60
59 -9
-59 9

60
59 -9
-51 -31

60
59 -9
-51 31

60
59 -9
-31 -51

60
59 -9
-31 51

60
59 -9
-9 -59

60
59 -9
-9 59

60
59 -9
9 -59

60
59 -9
9 59

60
59 -9
31 -51

60
59 -9
31 51

60
59 -9
51 -31

60
59 -9
51 31

60
59 -9
59 -9

60
59 -9
59 9

60
59 -8
-59 -8

60
59 -8
-59 8

60
59 -8
-52 -29

60
59 -8
-52 29

60
59 -8
-29 -52

60
59 -8
-29 52

60
59 -8
-8 -59

60
59 -8
-8 59

60
59 -8
8 -59

60
59 -8
8 59

60
59 -8
29 -52

60
59 -8
29 52

60
59 -8
52 -29

60
59 -8
52 29

60
59 -8
59 -8

60
59 -8
59 8

60
59 -7
-59 -7

60
59 -7
-59 7

60
59 -7
-43 -41

60
59 -7
-43 41

60
59 -7
-41 -43

60
59 -7
-41 43

60
59 -7
-7 -59

60
59 -7
-7 59

60
59 -7
7 -59

60
59 -7
7 59

60
59 -7
41 -43

60
59 -7
41 43

60
59 -7
43 -41

60
59 -7
43 41

60
59 -7
59 -7

60
59 -7
59 7

60
59 -6
-59 -6

60
59 -6
-59 6

60
59 -6
-6 -59

60
59 -6
-6 59

60
59 -6
6 -59

60
59 -6
6 59

60
59 -6
59 -6

60
59 -6
59 6

60
59 -5
-59 -5

60
59 -5
-59 5

60
59 -5
-5 -59

60
59 -5
-5 59

60
59 -5
5 -59

60
59 -5
5 59

60
59 -5
59 -5

60
59 -5
59 5

60
59 -4
-59 -4

60
59 -4
-59 4

60
59 -4
-56 -19

60
59 -4
-56 19

60
59 -4
-19 -56

60
59 -4
-19 56

60
59 -4
-4 -59

60
59 -4
-4 59

60
59 -4
4 -59

60
59 -4
4 59

60
59 -4
19 -56

60
59 -4
19 56

60
59 -4
56 -19

60
59 -4
56 19

60
59 -4
59 -4

60
59 -4
59 4

60
59 -3
-59 -3

60
59 -3
-59 3

60
59 -3
-49 -33

60
59 -3
-49 33

60
59 -3
-33 -49

60
59 -3
-33 49

60
59 -3
-3 -59

60
59 -3
-3 59

60
59 -3
3 -59

60
59 -3
3 59

60
59 -3
33 -49

60
59 -3
33 49

60
59 -3
49 -33

60
59 -3
49 33

60
59 -3
59 -3

60
59 -3
59 3

60
59 -2
-59 -2

60
59 -2
-59 2

60
59 -2
-58 -11

60
59 -2
-58 11

60
59 -2
-53 -26

60
59 -2
-53 26

60
59 -2
-46 -37

60
59 -2
-46 37

60
59 -2
-37 -46

60
59 -2
-37 46

60
59 -2
-26 -53

60
59 -2
-26 53

60
59 -2
-11 -58

60
59 -2
-11 58

60
59 -2
-2 -59

60
59 -2
-2 59

60
59 -2
2 -59

60
59 -2
2 59

60
59 -2
11 -58

60
59 -2
11 58

60
59 -2
26 -53

60
59 -2
26 53

60
59 -2
37 -46

60
59 -2
37 46

60
59 -2
46 -37

60
59 -2
46 37

60
59 -2
53 -26

60
59 -2
53 26

60
59 -2
58 -11

60
59 -2
58 11

60
59 -2
59 -2

60
59 -2
59 2

60
59 -1
-59 -1

60
59 -1
-59 1

60
59 -1
-1 -59

60
59 -1
-1 59

60
59 -1
1 -59

60
59 -1
1 59

60
59 -1
59 -1

60
59 -1
59 1

60
59 0
-59 0

60
59 0
0 -59

60
59 0
0 59

60
59 0
59 0

60
59 1
-59 -1

60
59 1
-59 1

60
59 1
-1 -59

60
59 1
-1 59

60
59 1
1 -59

60
59 1
1 59

60
59 1
59 -1

60
59 1
59 1

60
59 2
-59 -2

60
59 2
-59 2

60
59 2
-58 -11

60
59 2
-58 11

60
59 2
-53 -26

60
59 2
-53 26

60
59 2
-46 -37

60
59 2
-46 37

60
59 2
-37 -46

60
59 2
-37 46

60
59 2
-26 -53

60
59 2
-26 53

60
59 2
-11 -58

60
59 2
-11 58

60
59 2
-2 -59

60
59 2
-2 59

60
59 2
2 -59

60
59 2
2 59

60
59 2
11 -58

60
59 2
11 58

60
59 2
26 -53

60
59 2
26 53

60
59 2
37 -46

60
59 2
37 46

60
59 2
46 -37

60
59 2
46 37

60
59 2
53 -26

60
59 2
53 26

60
59 2
58 -11

60
59 2
58 11

60
59 2
59 -2

60
59 2
59 2

60
59 3
-59 -3

60
59 3
-59 3

60
59 3
-49 -33

60
59 3
-49 33

60
59 3
-33 -49

60
59 3
-33 49

60
59 3
-3 -59

60
59 3
-3 59

60
59 3
3 -59

60
59 3
3 59

60
59 3
33 -49

60
59 3
33 49

60
59 3
49 -33

60
59 3
49 33

60
59 3
59 -3

60
59 3
59 3

60
59 4
-59 -4

60
59 4
-59 4

60
59 4
-56 -19

60
59 4
-56 19

60
59 4
-19 -56

60
59 4
-19 56

60
59 4
-4 -59

60
59 4
-4 59

60
59 4
4 -59

60
59 4
4 59

60
59 4
19 -56

60
59 4
19 56

60
59 4
56 -19

60
59 4
56 19

60
59 4
59 -4

60
59 4
59 4

60
59 5
-59 -5

60
59 5
-59 5

60
59 5
-5 -59

60
59 5
-5 59

60
59 5
5 -59

60
59 5
5 59

60
59 5
59 -5

60
59 5
59 5

60
59 6
-59 -6

60
59 6
-59 6

60
59 6
-6 -59

60
59 6
-6 59

60
59 6
6 -59

60
59 6
6 59

60
59 6
59 -6

60
59 6
59 6

60
59 7
-59 -7

60
59 7
-59 7

60
59 7
-43 -41

60
59 7
-43 41

60
59 7
-41 -43

60
59 7
-41 43

60
59 7
-7 -59

60
59 7
-7 59

60
59 7
7 -59

60
59 7
7 59

60
59 7
41 -43

60
59 7
41 43

60
59 7
43 -41

60
59 7
43 41

60
59 7
59 -7

60
59 7
59 7

60
59 8
-59 -8

60
59 8
-59 8

60
59 8
-52 -29

60
59 8
-52 29

60
59 8
-29 -52

60
59 8
-29 52

60
59 8
-8 -59

60
59 8
-8 59

60
59 8
8 -59

60
59 8
8 59

60
59 8
29 -52

60
59 8
29 52

60
59 8
52 -29

60
59 8
52 29

60
59 8
59 -8

60
59 8
59 8

60
59 9
-59 -9

60
59 9
-59 9

60
59 9
-51 -31

60
59 9
-51 31

60
59 9
-31 -51

60
59 9
-31 51

60
59 9
-9 -59

60
59 9
-9 59

60
59 9
9 -59

60
59 9
9 59

60
59 9
31 -51

60
59 9
31 51

60
59 9
51 -31

60
59 9
51 31

60
59 9
59 -9

60
59 9
59 9

60
59 10
-59 -10

60
59 10
-59 10

60
59 10
-10 -59

60
59 10
-10 59

60
59 10
10 -59

60
59 10
10 59

60
59 10
59 -10

60
59 10
59 10

60
60 0
-60 0

60
60 0
-48 -36

60
60 0
-48 36

60
60 0
-36 -48

60
60 0
-36 48

60
60 0
0 -60

60
60 0
0 60

60
60 0
36 -48

60
60 0
36 48

60
60 0
48 -36

60
60 0
48 36

60
60 0
60 0

