(-10.00000,-0.00000)
(-9.99000,-0.00000)
(-9.98000,-0.00000)
(-9.97000,-0.00000)
(-9.96000,-0.00000)
(-9.95000,-0.00000)
(-9.94000,-0.00000)
(-9.93000,-0.00000)
(-9.92000,-0.00000)
(-9.91000,-0.00000)
(-9.90000,-0.00000)
(-9.89000,-0.00000)
(-9.88000,-0.00000)
(-9.87000,-0.00000)
(-9.86000,-0.00000)
(-9.85000,-0.00000)
(-9.84000,-0.00000)
(-9.83000,-0.00000)
(-9.82000,-0.00000)
(-9.81000,-0.00000)
(-9.80000,-0.00000)
(-9.79000,-0.00000)
(-9.78000,-0.00000)
(-9.77000,-0.00000)
(-9.76000,-0.00000)
(-9.75000,-0.00000)
(-9.74000,-0.00000)
(-9.73000,-0.00000)
(-9.72000,-0.00000)
(-9.71000,-0.00000)
(-9.70000,-0.00000)
(-9.69000,-0.00000)
(-9.68000,-0.00000)
(-9.67000,-0.00000)
(-9.66000,-0.00000)
(-9.65000,-0.00000)
(-9.64000,-0.00000)
(-9.63000,-0.00000)
(-9.62000,-0.00000)
(-9.61000,-0.00000)
(-9.60000,-0.00000)
(-9.59000,-0.00000)
(-9.58000,-0.00000)
(-9.57000,-0.00000)
(-9.56000,-0.00000)
(-9.55000,-0.00000)
(-9.54000,-0.00000)
(-9.53000,-0.00000)
(-9.52000,-0.00000)
(-9.51000,-0.00000)
(-9.50000,-0.00000)
(-9.49000,-0.00000)
(-9.48000,-0.00000)
(-9.47000,-0.00000)
(-9.46000,-0.00000)
(-9.45000,-0.00000)
(-9.44000,-0.00000)
(-9.43000,-0.00000)
(-9.42000,-0.00000)
(-9.41000,-0.00000)
(-9.40000,-0.00000)
(-9.39000,-0.00000)
(-9.38000,-0.00000)
(-9.37000,-0.00000)
(-9.36000,-0.00000)
(-9.35000,-0.00000)
(-9.34000,-0.00000)
(-9.33000,-0.00000)
(-9.32000,-0.00000)
(-9.31000,-0.00000)
(-9.30000,-0.00000)
(-9.29000,-0.00000)
(-9.28000,-0.00000)
(-9.27000,-0.00000)
(-9.26000,-0.00000)
(-9.25000,-0.00000)
(-9.24000,-0.00000)
(-9.23000,-0.00000)
(-9.22000,-0.00000)
(-9.21000,-0.00000)
(-9.20000,-0.00000)
(-9.19000,-0.00000)
(-9.18000,-0.00000)
(-9.17000,-0.00000)
(-9.16000,-0.00000)
(-9.15000,-0.00000)
(-9.14000,-0.00000)
(-9.13000,-0.00000)
(-9.12000,-0.00000)
(-9.11000,-0.00000)
(-9.10000,-0.00000)
(-9.09000,-0.00000)
(-9.08000,-0.00000)
(-9.07000,-0.00000)
(-9.06000,-0.00000)
(-9.05000,-0.00000)
(-9.04000,-0.00000)
(-9.03000,-0.00000)
(-9.02000,-0.00000)
(-9.01000,-0.00000)
(-9.00000,-0.00000)
(-8.99000,-0.00000)
(-8.93000,-0.00000)
(-8.90000,-0.00000)
(-8.89000,-0.00000)
(-8.88000,-0.00000)
(-8.87000,-0.00000)
(-8.86000,-0.00000)
(-8.85000,-0.00000)
(-8.83000,-0.00000)
(-8.81000,-0.00000)
(-8.80000,-0.00000)
(-8.79000,-0.00000)
(-8.78000,-0.00000)
(-8.77000,-0.00000)
(-8.75000,-0.00000)
(-8.74000,-0.00000)
(-8.73000,-0.00000)
(-8.72000,-0.00000)
(-8.71000,-0.00000)
(-8.67000,-0.00000)
(-8.66000,-0.00000)
(-8.64000,-0.00000)
(-8.63000,-0.00000)
(-8.62000,-0.00000)
(-8.59000,-0.00000)
(-8.57000,-0.00000)
(-8.56000,-0.00000)
(-8.54000,-0.00000)
(-8.51000,-0.00000)
(-8.50000,-0.00000)
(-8.49000,-0.00000)
(-8.48000,-0.00000)
(-8.47000,-0.00000)
(-8.46000,-0.00000)
(-8.45000,-0.00000)
(-8.42000,-0.00000)
(-8.41000,-0.00000)
(-8.40000,-0.00000)
(-8.39000,-0.00000)
(-8.38000,-0.00000)
(-8.37000,-0.00000)
(-8.36000,-0.00000)
(-8.35000,-0.00000)
(-8.34000,-0.00000)
(-8.33000,-0.00000)
(-8.32000,-0.00000)
(-8.31000,-0.00000)
(-8.30000,-0.00000)
(-8.29000,-0.00000)
(-8.28000,-0.00000)
(-8.27000,-0.00000)
(-8.26000,-0.00000)
(-8.25000,-0.00000)
(-8.24000,-0.00000)
(-8.23000,-0.00000)
(-8.22000,-0.00000)
(-8.21000,-0.00000)
(-8.20000,-0.00000)
(-8.19000,-0.00000)
(-8.18000,-0.00000)
(-8.17000,-0.00000)
(-8.16000,-0.00000)
(-8.15000,-0.00000)
(-8.14000,-0.00000)
(-8.13000,-0.00000)
(-8.12000,-0.00000)
(-8.11000,-0.00000)
(-8.10000,-0.00000)
(-8.09000,-0.00000)
(-8.08000,-0.00000)
(-8.07000,-0.00000)
(-8.06000,-0.00000)
(-8.05000,-0.00000)
(-8.04000,-0.00000)
(-8.03000,-0.00000)
(-8.02000,-0.00000)
(-8.01000,-0.00000)
(-8.00000,-0.00000)
(-7.99000,-0.00000)
(-7.98000,-0.00000)
(-7.97000,-0.00000)
(-7.96000,-0.00000)
(-7.95000,-0.00000)
(-7.94000,-0.00000)
(-7.93000,-0.00000)
(-7.92000,-0.00000)
(-7.91000,-0.00000)
(-7.90000,-0.00000)
(-7.89000,-0.00000)
(-7.88000,-0.00000)
(-7.87000,-0.00000)
(-7.86000,-0.00000)
(-7.85000,-0.00000)
(-7.84000,-0.00000)
(-7.83000,-0.00000)
(-7.82000,-0.00000)
(-7.81000,-0.00000)
(-7.80000,-0.00000)
(-7.79000,-0.00000)
(-7.78000,-0.00000)
(-7.77000,-0.00000)
(-7.76000,-0.00000)
(-7.75000,-0.00000)
(-7.74000,-0.00000)
(-7.73000,-0.00000)
(-7.72000,-0.00000)
(-7.71000,-0.00000)
(-7.70000,-0.00000)
(-7.69000,-0.00000)
(-7.68000,-0.00000)
(-7.67000,-0.00000)
(-7.66000,-0.00000)
(-7.65000,-0.00000)
(-7.64000,-0.00000)
(-7.63000,-0.00000)
(-7.62000,-0.00000)
(-7.61000,-0.00000)
(-7.60000,-0.00000)
(-7.59000,-0.00000)
(-7.58000,-0.00000)
(-7.57000,-0.00000)
(-7.56000,-0.00000)
(-7.55000,-0.00000)
(-7.54000,-0.00000)
(-7.53000,-0.00000)
(-7.52000,-0.00000)
(-7.51000,-0.00000)
(-7.49000,-0.00000)
(-7.48000,-0.00000)
(-7.47000,-0.00000)
(-7.46000,-0.00000)
(-7.44000,-0.00000)
(-7.43000,-0.00000)
(-7.42000,-0.00000)
(-7.41000,-0.00000)
(-7.39000,-0.00000)
(-7.38000,-0.00000)
(-7.37000,-0.00000)
(-7.36000,-0.00000)
(-7.35000,-0.00000)
(-7.34000,-0.00000)
(-7.33000,-0.00000)
(-7.32000,-0.00000)
(-7.31000,-0.00000)
(-7.30000,-0.00000)
(-7.29000,-0.00000)
(-7.28000,-0.00000)
(-7.27000,-0.00000)
(-7.26000,-0.00000)
(-7.25000,-0.00000)
(-7.24000,-0.00000)
(-7.23000,-0.00000)
(-7.22000,-0.00000)
(-7.21000,-0.00000)
(-7.20000,-0.00000)
(-7.19000,-0.00000)
(-7.17000,-0.00000)
(-7.16000,-0.00000)
(-7.15000,-0.00000)
(-7.14000,-0.00000)
(-7.13000,-0.00000)
(-7.12000,-0.00000)
(-7.11000,-0.00000)
(-7.10000,-0.00000)
(-7.09000,-0.00000)
(-7.08000,-0.00000)
(-7.06000,-0.00000)
(-7.05000,-0.00000)
(-7.04000,-0.00000)
(-7.03000,-0.00000)
(-7.02000,-0.00000)
(-7.01000,-0.00000)
(7.01000,-0.00000)
(7.02000,-0.00000)
(7.03000,-0.00000)
(7.04000,-0.00000)
(7.05000,-0.00000)
(7.06000,-0.00000)
(7.07000,-0.00000)
(7.08000,-0.00000)
(7.09000,-0.00000)
(7.10000,-0.00000)
(7.11000,-0.00000)
(7.12000,-0.00000)
(7.13000,-0.00000)
(7.14000,-0.00000)
(7.15000,-0.00000)
(7.17000,-0.00000)
(7.18000,-0.00000)
(7.19000,-0.00000)
(7.20000,-0.00000)
(7.21000,-0.00000)
(7.22000,-0.00000)
(7.23000,-0.00000)
(7.24000,-0.00000)
(7.25000,-0.00000)
(7.26000,-0.00000)
(7.27000,-0.00000)
(7.28000,-0.00000)
(7.30000,-0.00000)
(7.31000,-0.00000)
(7.32000,-0.00000)
(7.33000,-0.00000)
(7.35000,-0.00000)
(7.36000,-0.00000)
(7.37000,-0.00000)
(7.38000,-0.00000)
(7.39000,-0.00000)
(7.41000,-0.00000)
(7.42000,-0.00000)
(7.43000,-0.00000)
(7.44000,-0.00000)
(7.45000,-0.00000)
(7.46000,-0.00000)
(7.47000,-0.00000)
(7.48000,-0.00000)
(7.49000,-0.00000)
(7.50000,-0.00000)
(7.51000,-0.00000)
(7.52000,-0.00000)
(7.53000,-0.00000)
(7.55000,-0.00000)
(7.56000,-0.00000)
(7.57000,-0.00000)
(7.58000,-0.00000)
(7.59000,-0.00000)
(7.60000,-0.00000)
(7.61000,-0.00000)
(7.63000,-0.00000)
(7.64000,-0.00000)
(7.65000,-0.00000)
(7.66000,-0.00000)
(7.67000,-0.00000)
(7.69000,-0.00000)
(7.70000,-0.00000)
(7.71000,-0.00000)
(7.72000,-0.00000)
(7.73000,-0.00000)
(7.74000,-0.00000)
(7.75000,-0.00000)
(7.76000,-0.00000)
(7.77000,-0.00000)
(7.78000,-0.00000)
(7.79000,-0.00000)
(7.80000,-0.00000)
(7.81000,-0.00000)
(7.82000,-0.00000)
(7.83000,-0.00000)
(7.84000,-0.00000)
(7.85000,-0.00000)
(7.86000,-0.00000)
(7.87000,-0.00000)
(7.88000,-0.00000)
(7.89000,-0.00000)
(7.90000,-0.00000)
(7.91000,-0.00000)
(7.92000,-0.00000)
(7.93000,-0.00000)
(7.94000,-0.00000)
(7.95000,-0.00000)
(7.96000,-0.00000)
(7.97000,-0.00000)
(7.98000,-0.00000)
(7.99000,-0.00000)
(8.00000,-0.00000)
(8.01000,-0.00000)
(8.02000,-0.00000)
(8.03000,-0.00000)
(8.04000,-0.00000)
(8.05000,-0.00000)
(8.06000,-0.00000)
(8.07000,-0.00000)
(8.08000,-0.00000)
(8.09000,-0.00000)
(8.10000,-0.00000)
(8.11000,-0.00000)
(8.12000,-0.00000)
(8.13000,-0.00000)
(8.14000,-0.00000)
(8.15000,-0.00000)
(8.16000,-0.00000)
(8.17000,-0.00000)
(8.18000,-0.00000)
(8.19000,-0.00000)
(8.20000,-0.00000)
(8.21000,-0.00000)
(8.22000,-0.00000)
(8.23000,-0.00000)
(8.24000,-0.00000)
(8.25000,-0.00000)
(8.26000,-0.00000)
(8.27000,-0.00000)
(8.28000,-0.00000)
(8.29000,-0.00000)
(8.30000,-0.00000)
(8.31000,-0.00000)
(8.32000,-0.00000)
(8.33000,-0.00000)
(8.34000,-0.00000)
(8.35000,-0.00000)
(8.36000,-0.00000)
(8.38000,-0.00000)
(8.40000,-0.00000)
(8.41000,-0.00000)
(8.42000,-0.00000)
(8.43000,-0.00000)
(8.44000,-0.00000)
(8.46000,-0.00000)
(8.47000,-0.00000)
(8.48000,-0.00000)
(8.50000,-0.00000)
(8.51000,-0.00000)
(8.52000,-0.00000)
(8.53000,-0.00000)
(8.54000,-0.00000)
(8.56000,-0.00000)
(8.57000,-0.00000)
(8.58000,-0.00000)
(8.59000,-0.00000)
(8.60000,-0.00000)
(8.61000,-0.00000)
(8.63000,-0.00000)
(8.64000,-0.00000)
(8.65000,-0.00000)
(8.67000,-0.00000)
(8.68000,-0.00000)
(8.69000,-0.00000)
(8.70000,-0.00000)
(8.71000,-0.00000)
(8.74000,-0.00000)
(8.75000,-0.00000)
(8.76000,-0.00000)
(8.77000,-0.00000)
(8.78000,-0.00000)
(8.79000,-0.00000)
(8.80000,-0.00000)
(8.81000,-0.00000)
(8.82000,-0.00000)
(8.83000,-0.00000)
(8.84000,-0.00000)
(8.89000,-0.00000)
(8.90000,-0.00000)
(8.91000,-0.00000)
(8.93000,-0.00000)
(8.94000,-0.00000)
(8.95000,-0.00000)
(8.97000,-0.00000)
(8.98000,-0.00000)
(8.99000,-0.00000)
(9.00000,-0.00000)
(9.01000,-0.00000)
(9.02000,-0.00000)
(9.03000,-0.00000)
(9.04000,-0.00000)
(9.05000,-0.00000)
(9.06000,-0.00000)
(9.07000,-0.00000)
(9.08000,-0.00000)
(9.09000,-0.00000)
(9.10000,-0.00000)
(9.11000,-0.00000)
(9.12000,-0.00000)
(9.13000,-0.00000)
(9.14000,-0.00000)
(9.15000,-0.00000)
(9.16000,-0.00000)
(9.17000,-0.00000)
(9.18000,-0.00000)
(9.19000,-0.00000)
(9.20000,-0.00000)
(9.21000,-0.00000)
(9.22000,-0.00000)
(9.23000,-0.00000)
(9.24000,-0.00000)
(9.25000,-0.00000)
(9.26000,-0.00000)
(9.27000,-0.00000)
(9.28000,-0.00000)
(9.29000,-0.00000)
(9.30000,-0.00000)
(9.31000,-0.00000)
(9.32000,-0.00000)
(9.33000,-0.00000)
(9.34000,-0.00000)
(9.35000,-0.00000)
(9.36000,-0.00000)
(9.37000,-0.00000)
(9.38000,-0.00000)
(9.39000,-0.00000)
(9.40000,-0.00000)
(9.41000,-0.00000)
(9.42000,-0.00000)
(9.43000,-0.00000)
(9.44000,-0.00000)
(9.45000,-0.00000)
(9.46000,-0.00000)
(9.47000,-0.00000)
(9.48000,-0.00000)
(9.49000,-0.00000)
(9.50000,-0.00000)
(9.51000,-0.00000)
(9.52000,-0.00000)
(9.53000,-0.00000)
(9.54000,-0.00000)
(9.55000,-0.00000)
(9.56000,-0.00000)
(9.57000,-0.00000)
(9.58000,-0.00000)
(9.59000,-0.00000)
(9.60000,-0.00000)
(9.61000,-0.00000)
(9.62000,-0.00000)
(9.63000,-0.00000)
(9.64000,-0.00000)
(9.65000,-0.00000)
(9.66000,-0.00000)
(9.67000,-0.00000)
(9.68000,-0.00000)
(9.69000,-0.00000)
(9.70000,-0.00000)
(9.71000,-0.00000)
(9.72000,-0.00000)
(9.73000,-0.00000)
(9.74000,-0.00000)
(9.75000,-0.00000)
(9.76000,-0.00000)
(9.77000,-0.00000)
(9.78000,-0.00000)
(9.79000,-0.00000)
(9.80000,-0.00000)
(9.81000,-0.00000)
(9.82000,-0.00000)
(9.83000,-0.00000)
(9.84000,-0.00000)
(9.85000,-0.00000)
(9.86000,-0.00000)
(9.87000,-0.00000)
(9.88000,-0.00000)
(9.89000,-0.00000)
(9.90000,-0.00000)
(9.91000,-0.00000)
(9.92000,-0.00000)
(9.93000,-0.00000)
(9.94000,-0.00000)
(9.95000,-0.00000)
(9.96000,-0.00000)
(9.97000,-0.00000)
(9.98000,-0.00000)
(9.99000,-0.00000)
(10.00000,-0.00000)
