1
500
115 177 86 183
92 186 135 193
27 162 21 49
126 163 59 90
136 172 26 140
29 167 168 11
123 62 130 182
2 129 135 67
167 69 58 22
42 11 56 193
119 21 173 29
124 198 137 184
126 13 170 115
73 156 180 91
81 196 170 62
127 84 125 105
129 46 105 136
95 124 57 113
167 14 145 182
150 43 164 34
178 76 8 87
51 3 184 188
60 132 199 154
12 139 168 76
139 94 186 26
178 34 170 195
102 97 1 67
156 52 92 117
41 86 80 101
19 44 89 65
117 31 129 40
75 81 171 97
56 167 127 109
165 186 153 97
24 19 83 106
29 132 71 128
168 70 19 103
149 140 115 108
45 18 123 196
155 121 51 46
28 164 88 179
100 193 150 41
114 124 164 34
91 143 56 187
136 59 165 27
28 37 151 32
121 74 7 75
37 29 195 58
28 18 193 35
129 128 11 143
163 43 4 176
40 6 138 13
88 128 18 104
196 117 117 169
183 70 143 124
125 172 99 90
139 105 190 44
82 69 186 154
107 197 64 142
11 148 4 155
143 99 28 22
22 140 168 146
1 5 10 111
105 78 130 61
26 44 136 120
16 108 65 122
37 124 58 82
36 0 24 62
150 179 99 52
131 173 71 68
94 133 130 81
181 199 163 60
173 159 196 99
95 190 68 13
140 84 66 126
142 176 84 90
156 45 107 136
12 87 18 179
9 59 172 148
187 142 10 136
172 113 101 6
199 19 55 121
11 139 104 121
28 105 67 140
58 184 150 127
69 22 24 120
84 30 81 196
50 72 172 92
99 22 185 25
113 98 42 40
190 124 190 98
136 19 181 9
4 194 155 132
176 73 169 179
142 60 55 50
5 193 84 179
13 104 167 21
59 126 154 161
106 2 2 144
68 42 21 184
108 72 189 128
8 36 98 158
133 103 48 153
154 90 48 133
129 168 146 167
197 188 46 100
33 103 190 49
92 53 97 163
196 152 125 86
129 157 188 175
121 14 60 36
27 28 104 60
102 156 148 50
43 99 97 194
3 28 2 39
138 47 81 100
134 135 151 159
127 15 92 139
164 49 29 104
135 143 29 85
171 38 100 177
188 167 89 149
144 143 195 92
140 82 190 29
32 26 169 141
117 160 42 61
109 81 161 23
167 196 25 190
26 90 34 77
168 14 57 124
186 112 158 5
194 126 146 100
129 178 152 116
170 47 90 146
193 31 80 51
86 112 27 57
90 112 155 14
169 10 79 12
41 155 74 189
88 187 33 20
84 170 166 138
60 6 17 56
59 5 37 49
183 145 118 17
37 73 58 73
78 7 83 89
129 71 114 157
38 18 59 100
33 74 188 25
158 93 81 157
39 17 99 70
194 22 163 169
62 31 47 173
191 92 190 82
157 121 115 57
151 147 91 174
140 137 21 31
125 98 30 54
2 116 116 81
4 196 139 31
21 18 180 138
179 12 62 170
104 136 85 177
159 7 83 176
111 99 144 57
160 36 150 127
49 163 105 18
134 5 111 44
14 155 175 91
118 193 168 189
182 22 82 5
174 93 30 117
53 86 193 126
113 14 74 143
175 162 177 179
132 110 119 88
35 146 17 94
143 153 91 137
91 125 128 173
36 17 18 110
58 90 55 163
61 171 104 130
73 189 85 33
50 5 51 4
6 85 103 68
120 149 39 195
77 163 26 167
160 65 181 196
118 170 155 36
196 132 142 11
184 70 121 179
40 34 27 172
30 198 72 83
30 150 147 63
122 59 114 173
35 82 124 47
43 154 4 32
78 40 86 98
83 62 62 159
124 123 48 41
135 154 122 72
147 165 57 21
18 69 176 171
133 53 103 101
6 128 159 107
108 84 120 197
176 191 98 134
171 52 115 98
10 106 159 189
139 109 24 16
53 109 178 0
189 138 114 81
23 147 67 26
122 132 31 187
179 50 75 81
131 150 54 190
181 94 57 13
33 120 3 81
15 87 181 182
122 4 25 96
32 97 151 92
15 106 181 134
199 195 108 57
176 83 97 162
187 109 177 154
66 21 182 132
11 82 60 163
130 85 86 85
76 114 183 190
125 92 20 116
90 125 39 128
43 18 160 136
21 182 128 137
25 88 155 110
53 37 170 15
150 183 122 8
126 27 97 57
149 51 71 69
198 39 128 110
177 193 10 88
152 199 176 90
99 177 87 131
17 152 166 57
98 168 135 41
5 176 195 184
128 154 28 66
197 78 193 108
45 174 72 155
83 197 125 0
21 182 127 12
134 39 134 93
157 185 159 21
172 162 161 154
50 52 116 141
17 199 82 62
106 15 173 154
63 190 164 51
137 37 172 91
80 71 28 59
141 190 56 187
111 65 152 170
83 161 117 69
106 100 112 151
89 164 67 38
75 104 154 32
138 12 141 79
156 170 36 169
14 49 160 44
86 126 114 65
135 169 39 183
190 193 21 152
73 31 109 89
95 148 135 64
198 33 113 77
193 155 155 149
133 160 156 68
158 171 86 23
181 45 140 77
50 123 190 161
164 75 154 100
119 59 24 42
38 69 44 89
19 183 176 151
156 104 143 133
11 66 75 181
129 192 112 167
2 131 68 102
16 118 7 174
72 87 177 183
125 62 157 173
18 96 197 133
74 126 153 141
148 85 193 180
159 29 30 105
24 162 160 98
102 41 80 119
183 126 80 10
123 108 140 189
31 93 157 138
90 105 20 110
70 38 191 13
71 29 67 21
99 95 143 180
186 154 88 24
110 169 32 169
63 33 30 173
49 94 79 187
64 139 151 99
115 86 130 142
81 186 115 149
187 133 34 11
43 173 87 122
44 154 142 119
63 59 139 124
69 112 153 18
199 133 4 105
35 115 19 134
50 69 53 87
162 37 2 87
160 5 10 89
29 157 111 104
21 92 16 3
179 43 5 122
47 178 128 161
187 82 45 100
186 189 151 99
194 148 26 153
92 107 106 36
20 121 64 17
154 194 166 80
84 133 37 123
17 131 112 117
8 156 165 109
22 195 145 69
159 169 95 171
171 52 76 1
172 143 125 140
166 127 89 91
196 50 12 78
186 13 133 124
168 194 170 99
39 142 141 115
190 198 63 37
31 113 2 139
171 4 57 128
25 138 83 146
172 21 140 95
125 158 34 26
72 45 152 156
83 111 139 46
142 25 61 3
144 174 139 16
94 67 130 196
60 119 157 13
76 32 92 50
35 153 190 79
141 107 198 95
140 176 170 137
0 83 1 184
40 96 9 92
104 135 163 139
123 164 6 73
130 151 149 51
186 165 104 139
191 79 25 102
131 84 7 147
53 131 119 161
19 94 27 128
168 123 181 143
38 43 39 187
80 120 194 188
152 18 86 98
10 95 98 63
66 142 179 105
178 72 25 98
148 197 166 53
86 116 72 147
100 77 159 112
3 132 197 153
98 107 151 35
106 61 154 49
184 125 3 134
33 163 197 28
14 181 160 115
97 100 97 185
113 149 129 8
114 116 34 79
186 165 175 185
16 92 26 130
9 152 169 29
33 195 115 166
13 47 176 28
186 62 100 26
108 100 163 29
182 175 16 197
26 120 140 144
99 194 165 118
53 108 146 134
42 86 103 62
10 7 134 32
15 196 69 34
182 124 96 184
161 116 51 65
61 187 37 143
88 160 181 2
93 141 20 79
108 135 28 124
196 70 142 162
100 11 66 163
132 34 87 115
33 93 150 90
93 94 80 139
44 182 54 13
151 138 123 75
65 11 73 151
83 13 81 168
14 135 177 99
107 146 169 64
11 140 191 72
36 57 187 23
20 81 39 193
18 171 171 114
164 83 134 196
67 0 97 167
90 33 135 74
129 149 132 57
147 92 90 123
22 135 149 29
55 43 168 140
136 25 166 139
20 52 60 53
183 87 4 157
197 26 121 140
128 78 127 5
198 27 170 169
60 21 163 120
23 67 16 83
35 111 92 182
62 8 163 153
60 198 95 168
173 9 176 168
73 54 87 103
129 23 81 57
80 142 44 196
147 55 9 12
159 134 166 54
1 173 142 81
158 13 171 38
155 84 22 99
71 180 90 61
120 0 3 123
12 152 142 0
158 159 7 104
158 117 94 125
26 160 90 36
65 137 173 14
9 20 21 148
186 32 0 63
156 58 33 4
31 168 10 127
46 141 128 169
10 5 58 174
67 189 165 101
38 132 126 90
162 0 105 99
61 148 32 57
97 169 7 17
139 128 138 169
192 185 70 18
133 154 142 80
150 0 143 107
120 188 85 21
47 34 140 190
94 61 183 125
63 191 30 142
138 154 120 120
22 130 92 142
94 108 85 34
2 44 108 180
87 122 184 145
2 135 157 125
186 96 148 92
51 49 40 130
54 189 156 112
82 28 72 48
137 176 88 157
94 139 20 197
82 182 14 5
15 36 69 123
99 153 84 17
36 150 154 124
158 42 92 110
121 41 23 164
60 10 169 111
147 155 102 190
39 181 89 116
175 6 17 158
178 74 111 101
176 166 177 65
33 134 161 69
