60
8 4
1 2 3 4 5 6 7 8
4 1
4 3
4 5
4 7
8 4
1 2 3 4 5 6 7 8
4 1
4 3
4 5
4 7
8 4
1 2 3 4 5 6 7 8
4 1
4 3
4 5
4 7
8 4
1 2 3 4 5 6 7 8
4 1
4 3
4 5
4 7
8 4
1 2 3 4 5 6 7 8
4 1
4 3
4 5
4 7
8 4
1 2 3 4 5 6 7 8
4 1
4 3
4 5
4 7
8 4
1 2 3 4 5 6 7 8
4 1
4 3
4 5
4 7
8 4
1 2 3 4 5 6 7 8
4 1
4 3
4 5
4 7
8 4
1 2 3 4 5 6 7 8
4 1
4 3
4 5
4 7
8 4
1 2 3 4 5 6 7 8
4 1
4 3
4 5
4 7

8 4
1 2 3 4 5 6 7 8
4 1
4 3
4 5
4 7
8 4
1 2 3 4 5 6 7 8
4 1
4 3
4 5
4 7
8 4
1 2 3 4 5 6 7 8
4 1
4 3
4 5
4 7
8 4
1 2 3 4 5 6 7 8
4 1
4 3
4 5
4 7
8 4
1 2 3 4 5 6 7 8
4 1
4 3
4 5
4 7
8 4
1 2 3 4 5 6 7 8
4 1
4 3
4 5
4 7
8 4
1 2 3 4 5 6 7 8
4 1
4 3
4 5
4 7
8 4
1 2 3 4 5 6 7 8
4 1
4 3
4 5
4 7
8 4
1 2 3 4 5 6 7 8
4 1
4 3
4 5
4 7
8 4
1 2 3 4 5 6 7 8
4 1
4 3
4 5
4 7

8 4
1 2 3 4 5 6 7 8
4 1
4 3
4 5
4 7
8 4
1 2 3 4 5 6 7 8
4 1
4 3
4 5
4 7
8 4
1 2 3 4 5 6 7 8
4 1
4 3
4 5
4 7
8 4
1 2 3 4 5 6 7 8
4 1
4 3
4 5
4 7
8 4
1 2 3 4 5 6 7 8
4 1
4 3
4 5
4 7
8 4
1 2 3 4 5 6 7 8
4 1
4 3
4 5
4 7
8 4
1 2 3 4 5 6 7 8
4 1
4 3
4 5
4 7
8 4
1 2 3 4 5 6 7 8
4 1
4 3
4 5
4 7
8 4
1 2 3 4 5 6 7 8
4 1
4 3
4 5
4 7
8 4
1 2 3 4 5 6 7 8
4 1
4 3
4 5
4 7

8 4
1 2 3 4 5 6 7 8
4 1
4 3
4 5
4 7
8 4
1 2 3 4 5 6 7 8
4 1
4 3
4 5
4 7
8 4
1 2 3 4 5 6 7 8
4 1
4 3
4 5
4 7
8 4
1 2 3 4 5 6 7 8
4 1
4 3
4 5
4 7
8 4
1 2 3 4 5 6 7 8
4 1
4 3
4 5
4 7
8 4
1 2 3 4 5 6 7 8
4 1
4 3
4 5
4 7
8 4
1 2 3 4 5 6 7 8
4 1
4 3
4 5
4 7
8 4
1 2 3 4 5 6 7 8
4 1
4 3
4 5
4 7
8 4
1 2 3 4 5 6 7 8
4 1
4 3
4 5
4 7
8 4
1 2 3 4 5 6 7 8
4 1
4 3
4 5
4 7

8 4
1 2 3 4 5 6 7 8
4 1
4 3
4 5
4 7
8 4
1 2 3 4 5 6 7 8
4 1
4 3
4 5
4 7
8 4
1 2 3 4 5 6 7 8
4 1
4 3
4 5
4 7
8 4
1 2 3 4 5 6 7 8
4 1
4 3
4 5
4 7
8 4
1 2 3 4 5 6 7 8
4 1
4 3
4 5
4 7
8 4
1 2 3 4 5 6 7 8
4 1
4 3
4 5
4 7
8 4
1 2 3 4 5 6 7 8
4 1
4 3
4 5
4 7
8 4
1 2 3 4 5 6 7 8
4 1
4 3
4 5
4 7
8 4
1 2 3 4 5 6 7 8
4 1
4 3
4 5
4 7
8 4
1 2 3 4 5 6 7 8
4 1
4 3
4 5
4 7

8 4
1 2 3 4 5 6 7 8
4 1
4 3
4 5
4 7
8 4
1 2 3 4 5 6 7 8
4 1
4 3
4 5
4 7
8 4
1 2 3 4 5 6 7 8
4 1
4 3
4 5
4 7
8 4
1 2 3 4 5 6 7 8
4 1
4 3
4 5
4 7
8 4
1 2 3 4 5 6 7 8
4 1
4 3
4 5
4 7
8 4
1 2 3 4 5 6 7 8
4 1
4 3
4 5
4 7
8 4
1 2 3 4 5 6 7 8
4 1
4 3
4 5
4 7
8 4
1 2 3 4 5 6 7 8
4 1
4 3
4 5
4 7
8 4
1 2 3 4 5 6 7 8
4 1
4 3
4 5
4 7
8 4
1 2 3 4 5 6 7 8
4 1
4 3
4 5
4 7

