10
200 200 50000
16 41 5 
30 40 24 
47 64 87 
69 83 65 
20 44 23 
25 73 80 
24 4 74 
54 99 94 
55 20 22 
82 98 64 
79 66 57 
35 95 96 
11 93 11 
97 62 46 
61 33 89 
36 57 62 
67 80 17 
40 86 15 
85 92 34 
6 26 84 
22 4 49 
78 90 95 
25 100 88 
88 48 1 
33 61 85 
21 48 41 
34 14 73 
3 6 10 
17 42 1 
3 100 26 
38 73 81 
38 50 71 
32 26 22 
71 13 70 
23 97 82 
7 18 29 
100 3 94 
24 5 51 
33 74 93 
33 28 44 
59 65 16 
91 2 17 
61 85 42 
35 56 7 
56 78 3 
37 37 72 
17 36 75 
10 59 31 
61 43 4 
5 75 31 
100 85 47 
15 76 100 
31 88 85 
24 22 92 
30 29 21 
85 65 57 
56 81 44 
82 43 54 
13 55 96 
16 11 23 
99 10 59 
45 24 86 
97 6 74 
81 29 47 
24 11 76 
44 95 92 
53 2 73 
48 84 67 
2 96 21 
49 63 31 
23 61 40 
82 58 15 
67 54 20 
92 86 100 
39 9 62 
66 4 8 
57 56 10 
81 4 93 
47 57 40 
19 5 2 
49 80 63 
40 61 72 
54 79 25 
25 71 62 
77 61 70 
38 78 73 
46 34 81 
7 67 84 
51 65 92 
90 84 96 
91 32 75 
5 72 87 
76 77 66 
52 54 88 
13 82 100 
34 71 77 
59 68 62 
39 74 28 
22 24 93 
13 13 28 
60 56 59 
87 60 82 
25 88 11 
42 39 16 
29 4 97 
80 37 67 
8 95 35 
70 33 60 
49 6 36 
93 70 48 
20 82 55 
31 20 15 
12 44 54 
74 86 92 
89 66 47 
85 46 84 
4 5 30 
90 74 15 
49 75 72 
84 19 94 
84 39 75 
38 21 46 
4 84 89 
57 58 26 
1 46 44 
47 83 89 
82 86 45 
64 75 19 
78 75 45 
1 11 63 
94 94 53 
20 83 73 
65 87 57 
6 95 66 
83 95 63 
26 94 45 
66 75 30 
11 90 56 
29 67 83 
25 68 93 
87 13 38 
92 33 20 
64 49 58 
72 54 53 
89 37 99 
52 14 44 
96 80 71 
78 90 60 
85 70 79 
67 94 98 
59 80 10 
96 23 94 
68 87 43 
25 10 48 
29 99 36 
80 2 50 
23 97 29 
45 26 18 
5 11 87 
35 77 32 
32 88 11 
41 35 34 
87 2 72 
29 27 33 
28 7 83 
16 86 84 
65 61 33 
45 5 58 
14 61 68 
100 95 97 
31 26 84 
93 19 18 
78 5 72 
1 85 98 
86 64 56 
68 79 42 
4 95 54 
36 39 10 
45 52 71 
65 3 17 
61 85 43 
96 30 13 
65 59 69 
36 60 5 
85 45 20 
41 64 99 
34 67 93 
39 54 84 
48 99 87 
70 63 90 
87 75 26 
81 70 55 
93 86 66 
13 22 25 
17 6 21 
36 98 36 
86 31 55 
31 21 8 
14 69 58 
100 38 72 
41 24 46 
67 4 67 
73 48 53 
38 60 74 
14 28 31 
86 64 29 
74 49 11 
28 31 32 
87 44 52 
45 44 89 
68 36 65 
14 2 20 
80 27 68 
84 16 27 
57 30 7 
40 67 70 
20 40 70 
82 19 1 
65 6 96 
16 2 91 
57 69 27 
73 82 28 
92 14 6 
59 97 22 
38 6 3 
44 97 69 
65 16 61 
86 49 79 
86 14 84 
82 81 85 
72 37 6 
50 9 87 
78 53 52 
83 11 1 
56 100 58 
58 43 54 
79 59 21 
39 45 69 
69 82 34 
5 15 15 
41 39 3 
46 88 64 
85 65 16 
36 100 78 
36 55 78 
45 65 72 
98 43 31 
70 33 75 
91 1 56 
24 57 71 
90 98 9 
45 43 96 
8 27 13 
75 15 64 
52 2 70 
81 47 34 
53 96 76 
83 66 60 
9 56 61 
64 31 17 
86 73 66 
46 17 61 
42 76 39 
6 50 53 
69 53 7 
90 34 53 
24 86 100 
51 20 65 
11 28 72 
23 43 55 
91 81 27 
57 26 95 
69 19 70 
7 24 71 
60 44 75 
18 34 8 
70 9 45 
21 11 64 
86 21 43 
9 95 38 
63 38 18 
41 94 95 
35 14 14 
56 20 89 
78 31 85 
53 48 70 
60 69 78 
57 90 40 
20 27 61 
15 35 7 
52 50 44 
21 42 89 
15 29 2 
80 36 22 
21 14 52 
5 66 52 
26 77 20 
55 33 9 
94 5 87 
6 71 22 
13 74 23 
56 94 64 
97 60 44 
98 92 80 
71 64 93 
75 20 10 
26 45 38 
45 99 23 
6 92 79 
92 98 49 
65 62 22 
39 69 67 
55 65 78 
98 63 21 
29 33 84 
73 59 3 
82 84 47 
72 81 97 
94 38 89 
24 29 38 
72 46 99 
45 36 19 
63 90 84 
92 88 98 
13 16 82 
96 89 41 
51 22 24 
49 45 4 
46 90 41 
86 13 22 
75 84 19 
25 80 54 
43 42 44 
26 34 83 
23 98 50 
5 45 90 
45 95 64 
20 96 8 
24 41 98 
16 78 10 
89 52 46 
7 76 25 
13 18 19 
8 96 4 
90 18 1 
91 74 97 
81 18 92 
96 90 87 
3 65 79 
100 80 56 
62 21 7 
7 79 34 
83 91 51 
1 50 46 
56 39 16 
56 82 89 
5 14 59 
96 9 48 
34 11 12 
64 63 43 
71 24 63 
77 82 42 
62 64 84 
12 17 34 
10 72 24 
25 80 5 
65 84 70 
23 31 78 
22 64 89 
33 79 3 
28 49 26 
90 77 7 
83 38 22 
67 1 38 
52 62 10 
75 38 89 
32 3 72 
1 77 2 
31 99 17 
19 83 47 
73 10 95 
50 52 23 
8 34 60 
29 52 12 
67 3 74 
28 30 11 
68 13 65 
39 65 42 
92 95 92 
60 65 74 
6 37 84 
52 38 35 
74 45 20 
85 74 72 
96 92 26 
69 71 7 
32 38 71 
96 28 88 
37 71 82 
28 30 99 
200 200 50000
54 87 87 
89 38 25 
75 11 69 
94 47 94 
17 42 85 
95 63 55 
53 94 44 
24 41 71 
11 78 41 
44 57 22 
42 10 8 
29 98 45 
53 72 7 
73 18 53 
67 34 47 
51 80 61 
58 33 54 
53 56 94 
24 18 23 
16 61 32 
38 55 41 
97 83 91 
42 87 14 
100 11 31 
5 77 17 
51 80 96 
11 89 28 
16 41 35 
61 64 4 
36 32 65 
67 21 71 
59 17 53 
49 58 91 
15 10 1 
97 14 30 
65 16 9 
61 78 97 
40 93 37 
27 5 53 
30 40 84 
46 6 56 
16 17 72 
20 17 82 
10 31 91 
63 28 56 
92 92 71 
52 4 48 
48 96 92 
84 22 96 
88 3 36 
71 49 93 
78 64 9 
50 84 26 
31 45 56 
73 59 35 
28 2 79 
50 53 34 
97 100 81 
88 36 2 
35 23 57 
70 46 5 
15 23 20 
23 72 3 
100 54 100 
8 78 58 
42 5 12 
72 54 64 
58 2 16 
38 41 51 
92 76 73 
48 45 70 
4 59 93 
23 34 16 
78 33 22 
77 40 99 
86 34 56 
97 57 9 
13 14 63 
28 4 3 
78 95 78 
2 94 75 
72 97 33 
16 19 18 
83 48 3 
4 24 42 
55 62 27 
10 10 84 
70 22 49 
32 49 52 
35 78 98 
12 80 43 
86 3 91 
71 70 62 
40 52 9 
42 8 33 
84 62 46 
10 71 55 
45 40 29 
46 24 29 
97 58 7 
47 69 38 
41 7 92 
32 29 61 
93 68 64 
1 10 23 
85 45 84 
30 6 6 
37 51 98 
65 96 21 
45 44 30 
51 42 98 
40 83 56 
31 14 84 
43 6 4 
59 6 13 
81 91 57 
17 72 62 
22 8 64 
71 24 59 
43 69 55 
72 71 96 
70 11 78 
77 93 43 
13 36 48 
16 46 54 
28 26 96 
36 42 19 
97 16 27 
13 86 2 
71 29 22 
77 100 93 
25 21 55 
2 98 47 
97 62 34 
44 77 79 
49 56 5 
96 91 98 
15 87 13 
41 99 99 
94 22 79 
16 50 78 
60 74 99 
14 28 48 
12 24 9 
46 67 37 
76 68 92 
80 63 82 
30 77 20 
42 69 71 
40 63 44 
18 30 93 
48 89 67 
98 54 46 
45 65 69 
5 10 87 
93 86 54 
84 17 17 
65 46 93 
36 88 62 
6 79 76 
49 49 5 
94 96 45 
12 45 98 
57 89 62 
25 45 24 
11 37 9 
65 72 77 
81 36 23 
25 71 62 
38 29 92 
13 29 92 
69 22 39 
13 33 83 
62 89 23 
24 13 67 
47 76 55 
7 40 26 
83 72 13 
57 96 36 
70 86 64 
62 98 44 
53 19 66 
92 83 98 
74 45 39 
97 20 3 
15 18 78 
22 24 17 
99 58 88 
12 67 36 
99 36 21 
14 49 70 
57 2 88 
74 45 23 
72 70 67 
62 18 38 
64 33 55 
42 6 30 
10 4 39 
50 67 5 
85 65 41 
57 30 89 
26 87 42 
66 60 38 
88 83 8 
6 44 25 
95 60 9 
49 1 66 
78 62 70 
68 11 36 
73 95 53 
65 3 82 
5 81 20 
99 98 80 
36 85 14 
43 42 10 
20 36 69 
80 36 21 
46 65 82 
15 32 93 
2 4 39 
6 20 42 
40 25 74 
59 23 71 
90 58 55 
4 53 48 
13 24 35 
33 3 70 
53 48 86 
86 14 17 
78 68 73 
69 73 92 
62 12 68 
35 23 90 
5 12 100 
11 15 52 
58 79 75 
44 11 77 
65 63 77 
50 49 90 
66 78 9 
90 98 82 
34 59 45 
1 93 67 
91 97 31 
90 7 45 
93 16 76 
67 59 86 
95 75 1 
23 24 1 
13 42 30 
21 83 28 
54 16 86 
51 17 31 
69 7 27 
99 48 86 
96 40 1 
71 58 12 
56 4 38 
8 27 62 
8 39 55 
90 11 37 
17 17 53 
54 67 69 
84 35 27 
11 34 74 
48 81 65 
48 51 22 
11 58 25 
49 18 51 
62 77 41 
16 66 4 
52 82 20 
56 88 38 
76 71 24 
2 33 9 
27 80 89 
91 80 91 
64 90 49 
89 90 66 
91 51 42 
84 18 60 
87 22 41 
58 77 28 
47 5 51 
70 6 83 
79 33 63 
19 75 42 
10 39 83 
58 27 73 
75 69 75 
68 52 45 
27 90 66 
20 47 94 
47 93 98 
97 15 56 
32 93 88 
94 11 14 
35 72 52 
17 29 30 
41 55 99 
16 23 50 
60 49 92 
77 68 38 
22 67 83 
20 15 49 
75 46 93 
14 91 55 
27 25 27 
31 94 55 
60 86 62 
58 53 84 
60 12 84 
51 40 4 
40 62 22 
74 33 36 
22 59 34 
14 72 76 
69 50 1 
95 80 46 
1 40 31 
62 49 84 
45 8 47 
81 10 39 
84 50 100 
5 23 84 
92 97 42 
25 10 13 
1 78 14 
53 72 46 
50 73 37 
32 86 85 
67 31 45 
66 63 6 
4 46 55 
55 50 30 
38 93 26 
79 70 35 
43 70 65 
8 74 88 
53 75 12 
89 58 98 
26 25 80 
22 42 42 
27 45 39 
34 51 88 
15 88 32 
40 18 1 
26 60 22 
42 67 47 
30 72 21 
93 12 79 
90 89 55 
69 10 96 
62 89 92 
100 22 42 
39 36 29 
71 27 98 
71 4 57 
45 98 75 
91 27 98 
12 71 10 
42 61 98 
48 81 60 
43 95 48 
34 94 21 
27 85 8 
7 55 34 
4 77 89 
60 21 86 
86 64 64 
84 27 87 
93 68 47 
42 15 79 
1 9 73 
48 94 19 
68 20 3 
75 26 9 
60 81 37 
1 40 10 
38 77 73 
54 12 99 
40 4 18 
38 98 84 
16 98 92 
89 98 37 
7 17 8 
61 92 33 
69 3 13 
5 55 4 
14 93 32 
38 98 44 
36 37 99 
53 74 96 
36 41 46 
79 81 43 
15 39 11 
22 99 54 
6 19 57 
70 24 11 
25 89 55 
200 200 50000
9 79 52 
52 14 40 
2 19 65 
98 6 6 
95 85 38 
89 51 77 
99 25 75 
53 82 94 
61 4 69 
71 80 9 
78 88 87 
81 39 53 
21 41 71 
85 90 28 
42 36 12 
80 24 15 
56 22 91 
82 26 72 
27 86 27 
95 9 7 
56 86 94 
42 66 85 
94 38 77 
16 23 18 
44 16 53 
7 95 76 
73 2 49 
63 84 75 
87 10 60 
13 57 68 
19 12 5 
65 53 23 
49 99 60 
77 66 82 
94 9 50 
46 68 44 
73 40 98 
21 55 33 
47 41 42 
59 5 50 
78 24 13 
83 40 66 
5 40 16 
16 16 81 
98 61 42 
99 58 9 
94 30 100 
91 2 54 
23 1 94 
17 59 51 
66 36 26 
79 70 65 
96 74 4 
63 42 71 
95 39 83 
36 89 40 
96 82 21 
96 73 74 
1 95 74 
47 63 32 
97 81 68 
22 11 37 
86 6 63 
41 20 4 
63 14 94 
45 2 34 
36 49 15 
56 44 87 
29 97 34 
3 43 48 
86 39 28 
53 60 38 
42 97 95 
56 89 14 
11 51 80 
56 47 33 
89 34 81 
3 41 77 
42 21 73 
27 75 15 
74 61 5 
2 65 16 
91 58 12 
86 13 100 
51 75 2 
82 30 100 
14 70 33 
95 73 73 
71 66 93 
95 92 68 
9 17 28 
65 18 44 
80 61 2 
91 98 66 
42 48 41 
43 30 22 
42 95 92 
26 89 16 
98 11 33 
90 5 24 
9 65 40 
88 29 10 
32 8 22 
33 50 19 
98 43 66 
38 85 47 
12 78 42 
3 55 82 
70 52 93 
2 94 49 
77 2 14 
68 90 42 
77 21 2 
50 53 3 
68 2 46 
86 92 82 
32 3 12 
25 57 66 
7 26 18 
51 79 11 
99 55 64 
12 22 53 
6 51 25 
59 100 29 
61 68 31 
6 53 22 
88 36 24 
99 61 80 
64 19 57 
33 69 35 
43 19 89 
59 31 62 
11 88 12 
88 46 12 
16 58 31 
46 64 35 
67 3 70 
42 1 82 
73 16 100 
29 49 68 
63 43 87 
3 1 69 
65 64 8 
28 51 53 
91 66 62 
21 64 25 
55 30 27 
77 24 79 
58 96 47 
58 25 47 
77 39 89 
15 94 42 
83 10 57 
90 37 59 
94 28 76 
56 100 39 
32 7 21 
11 83 44 
41 40 91 
87 49 15 
33 26 6 
74 92 99 
67 75 8 
75 16 96 
85 62 23 
60 69 23 
51 52 81 
23 62 63 
18 3 54 
8 41 55 
23 26 80 
80 51 23 
30 17 97 
37 43 65 
84 27 26 
7 38 46 
81 88 97 
61 62 59 
75 79 13 
28 87 5 
82 61 30 
13 40 80 
36 69 48 
84 57 42 
48 92 68 
25 98 58 
70 30 97 
67 42 59 
77 16 37 
41 96 23 
45 77 35 
27 42 74 
6 29 94 
6 64 2 
47 12 94 
67 88 43 
24 10 25 
20 28 66 
78 4 82 
67 96 77 
41 40 5 
76 66 98 
1 24 78 
95 29 42 
48 27 53 
93 93 92 
36 16 1 
12 88 80 
77 17 35 
10 83 30 
38 76 22 
95 51 87 
92 51 62 
70 97 42 
11 97 69 
15 89 61 
58 76 29 
11 87 68 
90 16 84 
25 25 19 
54 63 94 
75 57 96 
14 100 98 
75 21 95 
69 31 43 
37 97 83 
49 7 59 
77 17 97 
44 6 12 
80 82 37 
98 36 51 
43 62 7 
38 27 6 
87 54 27 
33 22 9 
75 58 58 
58 6 64 
68 35 32 
64 30 89 
76 9 71 
64 58 58 
14 100 19 
72 89 98 
29 76 51 
7 8 72 
16 35 81 
25 92 38 
40 11 72 
71 74 2 
59 1 62 
29 16 20 
38 29 71 
57 52 60 
54 81 87 
56 87 46 
27 54 80 
59 78 23 
96 69 33 
20 39 59 
21 50 11 
34 30 27 
53 68 7 
24 76 59 
35 81 39 
73 36 77 
18 14 31 
50 72 60 
24 67 29 
9 38 19 
67 58 68 
77 44 98 
55 96 65 
62 71 92 
20 5 72 
10 29 7 
86 47 20 
16 48 91 
28 71 9 
56 31 47 
74 97 56 
42 26 99 
91 80 47 
7 41 17 
98 12 74 
69 21 2 
75 59 100 
46 26 47 
88 53 70 
48 8 100 
94 34 49 
2 27 26 
52 17 5 
98 75 98 
15 72 61 
40 92 34 
41 18 92 
41 63 17 
39 50 70 
8 97 29 
60 43 14 
60 96 40 
85 47 8 
41 45 82 
90 11 5 
51 50 96 
84 42 65 
27 82 27 
43 73 28 
64 32 77 
45 91 71 
58 50 66 
98 86 12 
57 27 8 
91 16 18 
95 18 19 
43 1 61 
7 27 94 
86 22 66 
65 85 98 
41 29 40 
11 87 42 
28 36 27 
40 44 53 
47 34 69 
17 29 86 
35 23 39 
47 29 17 
41 66 38 
58 31 75 
7 71 3 
47 34 41 
88 61 28 
14 52 72 
19 51 5 
39 67 85 
76 53 59 
14 52 40 
83 44 5 
72 1 35 
46 8 58 
1 6 43 
41 45 3 
21 10 7 
92 28 57 
48 66 75 
33 94 27 
91 59 30 
30 41 73 
87 13 74 
21 58 33 
30 10 90 
72 51 34 
27 71 43 
85 14 23 
41 61 40 
15 45 33 
93 88 92 
23 69 84 
95 55 48 
20 28 58 
52 57 67 
41 81 17 
26 59 39 
21 43 52 
43 35 65 
82 1 9 
67 93 96 
58 67 65 
93 14 71 
41 33 98 
98 37 7 
64 29 39 
33 55 49 
71 75 91 
75 69 77 
39 50 77 
99 68 69 
95 77 88 
11 70 1 
81 10 85 
31 59 21 
37 22 2 
27 6 56 
75 29 82 
17 3 2 
93 93 3 
69 91 71 
89 85 47 
76 47 16 
76 28 77 
61 10 35 
33 98 9 
34 24 14 
41 98 42 
74 66 96 
75 58 88 
78 26 79 
48 14 15 
94 90 62 
62 17 41 
200 200 50000
90 29 50 
25 14 47 
85 47 22 
98 40 71 
92 13 36 
87 88 93 
75 65 70 
5 64 83 
19 9 24 
80 70 93 
20 60 21 
21 36 34 
19 20 33 
40 69 72 
10 12 36 
97 51 23 
89 77 39 
10 81 2 
93 99 63 
68 31 32 
60 2 43 
33 23 30 
66 93 1 
50 33 70 
73 94 81 
9 43 83 
83 83 59 
22 93 39 
75 85 90 
37 52 20 
21 64 21 
15 96 95 
45 13 88 
45 63 72 
66 87 17 
99 95 59 
81 30 42 
40 3 34 
78 77 70 
19 66 73 
38 38 36 
11 4 83 
57 48 96 
96 45 10 
19 10 96 
36 60 43 
46 41 72 
39 32 74 
24 61 2 
93 80 19 
18 17 56 
5 79 60 
88 36 59 
35 83 3 
44 2 65 
39 89 76 
33 34 16 
4 73 99 
29 96 60 
83 41 39 
1 58 7 
57 14 86 
68 1 73 
78 35 55 
33 30 8 
97 21 96 
24 53 30 
40 9 54 
38 37 1 
49 19 41 
87 72 50 
46 80 16 
31 47 16 
55 24 3 
61 8 84 
21 4 4 
16 28 57 
97 19 65 
50 8 53 
3 57 24 
43 95 95 
45 40 74 
60 22 72 
27 28 47 
81 89 55 
65 9 10 
68 76 89 
76 73 59 
92 74 19 
45 76 75 
20 71 21 
14 67 61 
39 78 82 
62 4 62 
8 37 50 
14 1 10 
24 20 37 
64 48 9 
23 39 35 
41 35 62 
67 54 84 
87 19 50 
99 9 27 
33 70 83 
94 30 19 
95 43 71 
56 18 42 
92 34 89 
53 8 28 
87 48 62 
100 66 68 
84 4 86 
85 55 95 
64 87 16 
46 32 45 
16 26 40 
38 81 57 
79 24 42 
68 76 49 
47 62 48 
60 62 13 
27 97 69 
65 81 23 
11 44 61 
26 89 92 
23 56 69 
62 93 1 
70 72 24 
12 91 100 
60 37 13 
60 48 26 
72 75 22 
92 91 3 
66 1 46 
26 78 87 
69 52 94 
89 65 87 
89 35 58 
65 98 100 
64 9 88 
28 68 35 
54 92 61 
75 35 51 
29 1 3 
27 78 81 
65 47 84 
58 87 49 
44 76 83 
53 40 32 
52 55 92 
91 82 60 
26 87 3 
86 14 37 
89 42 89 
91 20 67 
23 84 65 
7 42 51 
55 37 78 
89 42 69 
72 45 23 
63 36 57 
74 61 43 
76 98 56 
65 86 50 
53 77 69 
71 51 5 
35 57 98 
38 63 34 
67 51 27 
36 74 72 
58 37 7 
14 10 19 
9 38 68 
64 54 54 
65 58 82 
34 29 32 
38 15 41 
87 4 3 
20 71 6 
47 6 79 
70 15 67 
76 81 29 
46 89 18 
13 4 71 
18 69 80 
99 54 8 
83 91 75 
75 29 30 
29 48 100 
34 46 57 
65 67 72 
83 94 4 
11 39 92 
80 4 95 
50 21 15 
30 72 68 
89 54 10 
15 28 38 
97 56 38 
96 42 35 
5 58 2 
28 40 95 
31 3 86 
74 82 89 
68 84 9 
35 65 80 
2 5 85 
12 20 12 
1 16 20 
38 63 13 
73 19 70 
74 46 61 
20 28 63 
5 1 97 
93 21 80 
54 55 44 
33 56 48 
70 19 19 
33 20 86 
52 9 49 
64 81 19 
85 6 65 
46 26 44 
60 30 45 
8 23 65 
87 28 71 
82 60 26 
82 29 97 
52 62 68 
38 65 76 
38 81 9 
56 65 14 
72 62 39 
16 74 21 
12 81 95 
76 20 22 
46 53 33 
23 86 14 
71 38 27 
38 27 43 
66 16 23 
74 71 40 
39 95 53 
30 62 26 
50 73 59 
96 100 30 
17 97 82 
1 71 20 
14 42 57 
92 31 35 
35 48 50 
57 73 72 
48 12 66 
1 41 79 
78 42 51 
36 37 2 
65 5 98 
99 5 21 
18 71 14 
26 62 96 
12 96 44 
61 5 16 
32 52 27 
50 52 19 
80 30 60 
83 17 48 
84 34 52 
34 32 57 
54 1 79 
67 78 40 
62 89 88 
57 1 92 
73 84 43 
51 85 95 
22 65 76 
81 47 92 
29 82 25 
32 15 8 
40 20 8 
18 38 37 
58 100 77 
45 8 77 
88 32 61 
30 35 45 
24 56 61 
51 88 7 
43 68 89 
67 100 55 
75 39 27 
34 9 64 
23 18 15 
99 62 23 
76 1 54 
88 30 40 
84 6 95 
45 56 35 
3 98 2 
43 17 53 
98 43 92 
24 28 52 
87 50 69 
54 1 30 
76 28 82 
81 15 11 
21 50 16 
67 94 24 
1 97 73 
3 39 89 
55 88 83 
98 63 63 
49 2 64 
17 55 64 
98 82 91 
79 62 57 
42 82 59 
57 1 52 
32 1 100 
5 3 91 
45 10 30 
28 59 93 
42 8 94 
5 76 48 
69 26 29 
11 4 42 
20 97 76 
78 6 76 
81 37 76 
33 41 31 
23 86 40 
52 65 98 
96 58 57 
89 62 85 
88 82 10 
68 45 65 
10 64 62 
37 93 67 
12 25 3 
39 57 96 
69 31 33 
8 35 49 
58 30 6 
66 71 67 
50 10 1 
11 78 45 
76 39 8 
37 75 52 
55 38 28 
9 76 85 
4 45 67 
36 4 53 
36 13 35 
41 31 57 
60 80 66 
60 43 43 
4 18 33 
63 6 59 
66 60 96 
93 68 72 
77 24 68 
96 11 71 
100 47 84 
34 39 14 
90 98 45 
56 57 87 
50 12 56 
35 74 13 
93 39 24 
89 32 92 
12 60 67 
79 7 77 
49 7 75 
84 40 14 
49 82 11 
46 37 20 
84 38 31 
92 72 57 
4 65 47 
28 5 78 
71 16 90 
37 94 48 
65 94 54 
40 30 46 
53 30 27 
15 75 15 
34 11 52 
17 2 76 
73 5 92 
19 84 96 
49 54 11 
90 42 56 
37 7 1 
91 98 30 
88 50 60 
14 16 86 
80 50 96 
83 66 49 
58 90 6 
49 60 89 
96 8 95 
58 49 36 
200 200 50000
13 86 94 
14 28 91 
95 15 92 
6 80 8 
92 59 9 
39 41 26 
88 51 15 
45 51 26 
33 47 86 
27 4 34 
15 17 71 
8 82 98 
51 28 64 
42 86 43 
1 77 53 
9 67 94 
86 6 96 
52 50 46 
78 35 92 
63 61 96 
48 75 64 
19 35 97 
16 85 76 
32 78 61 
74 79 89 
79 39 56 
24 25 13 
19 28 63 
64 5 49 
56 67 9 
3 67 36 
18 85 70 
14 52 6 
89 83 83 
2 9 13 
90 87 52 
45 10 28 
10 28 55 
24 43 12 
72 50 78 
80 4 44 
67 21 80 
88 86 32 
93 27 14 
76 28 22 
88 17 60 
91 14 69 
18 23 48 
25 46 43 
36 17 92 
65 48 96 
61 67 68 
40 54 54 
23 47 80 
37 74 7 
10 13 75 
22 4 88 
42 73 62 
90 49 7 
84 84 75 
27 1 75 
74 61 41 
42 52 94 
95 75 92 
26 63 17 
84 24 30 
58 45 85 
98 87 57 
59 28 6 
18 11 41 
44 37 41 
18 11 53 
58 4 57 
4 50 83 
47 75 45 
64 10 68 
93 19 65 
77 16 51 
85 27 78 
42 96 40 
35 39 76 
27 57 38 
80 66 41 
88 21 90 
70 68 16 
14 31 25 
33 75 96 
97 3 11 
99 87 89 
76 81 84 
15 15 23 
43 41 31 
32 72 96 
73 59 17 
14 80 36 
82 45 18 
58 78 92 
53 26 46 
64 25 84 
4 52 64 
88 19 30 
62 61 71 
92 44 94 
39 68 5 
7 34 84 
42 15 81 
59 72 10 
2 25 35 
47 40 11 
83 43 63 
46 82 33 
28 43 45 
50 86 88 
43 25 56 
99 31 89 
83 25 3 
15 35 26 
24 37 2 
58 35 41 
21 69 36 
83 67 69 
67 94 64 
11 43 49 
98 37 25 
53 36 8 
93 70 32 
47 84 66 
73 7 54 
74 16 41 
67 36 9 
54 70 27 
22 36 20 
37 46 62 
86 44 51 
62 48 86 
69 93 7 
100 39 90 
18 11 48 
23 37 63 
15 55 51 
76 8 20 
2 81 8 
74 18 5 
87 55 100 
37 16 100 
22 37 92 
28 88 30 
69 57 93 
16 80 81 
31 46 35 
81 21 94 
52 23 26 
11 96 43 
16 34 49 
15 71 17 
66 44 53 
57 72 40 
87 92 97 
31 60 28 
11 90 73 
97 22 46 
90 73 20 
15 84 67 
10 51 100 
10 17 70 
26 83 14 
30 39 37 
22 77 28 
70 59 87 
97 69 28 
21 17 49 
66 6 22 
85 73 57 
51 34 59 
51 43 27 
72 21 9 
85 50 100 
73 23 28 
1 92 87 
39 40 7 
67 61 24 
67 78 81 
40 15 5 
48 17 90 
6 19 33 
33 91 53 
93 27 54 
92 100 77 
72 100 68 
10 90 60 
68 8 20 
43 75 49 
76 66 63 
80 14 80 
70 71 98 
54 3 40 
58 48 67 
11 91 66 
39 62 17 
59 71 58 
18 91 66 
89 33 92 
89 8 57 
52 88 22 
83 9 93 
32 62 47 
72 71 94 
38 81 85 
55 72 46 
71 82 69 
28 99 59 
45 39 91 
88 27 51 
45 30 38 
18 12 98 
10 44 11 
57 67 81 
50 4 13 
34 58 84 
32 80 17 
52 59 15 
10 4 5 
52 91 84 
54 87 13 
43 57 25 
40 66 20 
50 74 86 
82 24 41 
95 9 50 
30 92 29 
47 43 39 
13 4 42 
18 8 85 
1 61 23 
13 4 79 
89 43 97 
60 45 70 
97 26 45 
37 20 54 
86 50 97 
66 48 40 
57 60 43 
98 77 50 
34 29 63 
9 94 66 
87 34 8 
83 94 4 
5 90 30 
49 79 1 
54 16 2 
51 34 49 
90 90 9 
84 39 37 
86 73 66 
48 33 11 
13 19 44 
72 54 37 
76 58 79 
57 6 57 
9 60 72 
11 10 5 
11 51 46 
19 34 85 
56 19 9 
73 66 41 
83 30 11 
26 2 64 
15 29 73 
45 37 31 
1 45 90 
24 55 51 
81 66 53 
26 36 38 
62 43 57 
70 67 74 
10 1 4 
21 27 57 
36 93 85 
9 37 21 
39 89 65 
80 64 72 
82 96 89 
86 74 76 
23 35 19 
79 57 37 
5 66 38 
8 38 16 
16 26 8 
100 86 96 
72 24 36 
36 55 51 
59 88 47 
99 73 20 
75 95 54 
45 74 62 
81 30 28 
18 37 17 
33 4 94 
92 3 79 
39 74 54 
74 61 8 
25 72 95 
23 70 19 
42 44 14 
47 88 39 
9 21 68 
88 38 56 
56 23 59 
50 14 61 
80 5 86 
34 30 98 
93 54 69 
88 28 39 
58 21 34 
71 68 22 
9 28 42 
76 67 31 
83 22 53 
41 23 19 
53 3 75 
38 36 4 
88 28 10 
56 67 37 
94 25 58 
28 47 77 
1 56 4 
94 83 22 
76 66 95 
81 6 18 
51 11 72 
25 100 59 
28 87 38 
37 43 57 
74 88 33 
83 67 79 
59 67 34 
14 12 69 
35 88 34 
29 68 91 
98 18 53 
69 42 53 
27 69 39 
65 58 33 
21 83 21 
5 65 87 
83 75 6 
69 40 17 
37 26 4 
22 54 23 
64 4 40 
17 24 33 
21 51 2 
59 67 11 
92 39 93 
64 43 9 
50 77 35 
7 45 74 
24 81 99 
79 54 4 
2 18 59 
93 86 83 
26 6 85 
79 16 3 
89 7 93 
33 22 87 
93 24 63 
27 30 8 
52 5 40 
50 84 94 
5 37 63 
64 29 100 
46 54 5 
82 84 20 
84 72 79 
76 56 100 
62 48 75 
24 26 5 
83 77 9 
23 78 44 
68 83 32 
82 98 13 
81 95 18 
85 76 2 
56 59 25 
34 34 81 
86 47 80 
60 70 6 
64 53 34 
25 27 12 
20 94 46 
52 75 43 
64 55 37 
81 91 12 
34 46 22 
59 80 55 
91 17 53 
70 76 22 
27 92 26 
13 68 4 
24 39 97 
200 200 50000
21 90 23 
63 5 29 
51 38 19 
62 23 17 
83 81 96 
89 23 64 
41 93 39 
14 71 30 
92 83 49 
95 58 88 
92 78 29 
66 40 86 
95 42 75 
65 3 97 
81 37 30 
28 77 52 
91 69 96 
82 35 67 
63 26 1 
12 20 59 
99 63 36 
79 81 28 
64 75 69 
38 91 24 
87 72 12 
16 51 41 
67 42 9 
63 23 43 
81 37 20 
81 48 40 
91 98 54 
27 77 34 
6 40 60 
26 30 51 
1 16 74 
13 31 24 
5 49 17 
13 63 91 
8 95 28 
27 28 75 
18 18 73 
24 96 1 
57 1 40 
17 27 21 
19 27 36 
92 91 18 
67 95 19 
84 60 33 
74 19 28 
1 97 55 
28 15 24 
52 38 20 
52 46 20 
43 14 98 
64 32 77 
99 23 67 
69 90 14 
87 25 73 
71 98 43 
98 51 39 
4 78 53 
28 81 42 
99 32 40 
70 74 53 
68 89 85 
96 40 59 
14 8 100 
27 46 24 
51 16 74 
93 66 24 
32 21 53 
36 100 33 
30 98 16 
69 68 41 
73 87 30 
9 82 69 
68 95 28 
19 22 73 
95 24 40 
68 17 57 
43 100 78 
47 87 77 
31 68 27 
46 36 46 
86 61 32 
67 69 13 
35 36 7 
62 7 80 
86 1 56 
78 20 24 
34 14 23 
11 60 61 
40 90 29 
18 87 16 
63 72 76 
94 39 45 
58 25 32 
16 39 38 
96 76 90 
3 53 9 
26 87 74 
48 49 33 
8 40 74 
88 57 60 
4 19 84 
79 64 74 
23 21 50 
7 37 88 
96 84 64 
86 86 68 
46 11 6 
20 10 55 
4 69 46 
78 57 3 
89 60 73 
72 90 37 
45 65 57 
95 71 45 
34 66 28 
49 3 65 
17 1 27 
74 20 36 
28 23 57 
26 52 13 
28 41 24 
52 64 65 
88 61 29 
97 7 99 
93 40 17 
21 41 19 
37 9 19 
64 82 90 
99 62 65 
55 87 16 
19 66 8 
94 17 24 
59 57 84 
87 5 90 
38 97 81 
54 69 21 
24 6 29 
95 69 11 
84 67 72 
100 74 10 
68 44 75 
75 90 43 
98 48 99 
33 86 55 
22 75 52 
55 80 20 
75 4 77 
56 50 45 
66 85 64 
89 85 89 
98 52 32 
24 78 21 
66 28 20 
17 60 58 
71 34 84 
74 88 64 
46 62 19 
22 69 68 
19 34 52 
82 74 36 
70 23 39 
53 98 17 
26 16 44 
97 32 55 
6 54 88 
90 80 75 
53 77 89 
71 98 57 
90 68 43 
93 1 68 
81 70 43 
19 75 40 
87 100 55 
30 48 38 
37 54 92 
24 43 71 
51 47 99 
39 69 96 
47 58 16 
89 2 16 
57 82 38 
99 1 12 
90 87 63 
45 69 62 
82 5 15 
25 80 9 
47 30 55 
45 20 23 
93 67 32 
8 7 34 
23 15 67 
12 13 67 
75 55 6 
89 99 74 
51 32 30 
65 57 61 
26 3 43 
80 48 62 
55 40 80 
38 99 87 
23 73 1 
90 85 66 
56 59 20 
13 48 70 
38 98 1 
19 14 57 
80 39 12 
22 71 59 
35 77 50 
15 14 48 
53 37 20 
5 26 56 
70 33 67 
41 98 66 
10 35 15 
63 54 28 
71 85 19 
82 6 89 
92 92 65 
93 6 30 
92 10 18 
64 15 95 
19 84 80 
85 77 77 
50 38 11 
64 100 16 
44 71 52 
62 4 57 
2 48 1 
18 40 6 
99 32 16 
17 95 30 
11 65 65 
90 2 41 
66 51 79 
29 67 30 
96 10 52 
48 23 8 
56 76 55 
56 45 46 
14 95 29 
81 11 75 
62 22 40 
26 63 41 
19 81 43 
49 61 9 
30 56 70 
82 55 44 
89 11 71 
95 18 15 
92 31 10 
21 11 72 
95 72 45 
86 50 8 
78 20 40 
21 68 100 
81 97 7 
3 30 62 
46 70 24 
69 16 41 
35 8 24 
96 28 34 
68 74 58 
64 12 59 
71 89 78 
62 61 97 
61 42 45 
68 96 75 
81 93 96 
4 61 12 
96 96 19 
19 91 98 
5 10 71 
14 74 34 
72 96 23 
49 58 83 
45 18 76 
89 37 23 
15 17 16 
11 72 76 
74 68 23 
92 86 66 
89 90 75 
11 3 48 
45 26 44 
19 74 53 
53 70 22 
81 11 59 
3 77 27 
18 39 99 
46 12 66 
20 3 3 
85 43 45 
60 6 47 
59 2 25 
54 20 98 
6 24 20 
28 4 82 
38 7 58 
16 76 97 
14 73 60 
31 93 63 
86 77 57 
30 88 62 
28 47 15 
52 100 86 
2 58 10 
21 85 65 
54 74 23 
11 89 99 
59 55 23 
19 85 15 
33 70 44 
89 51 83 
3 79 29 
69 30 81 
55 31 38 
16 3 74 
80 56 99 
3 19 87 
53 77 41 
75 47 78 
42 79 99 
85 20 2 
67 74 80 
48 42 61 
80 48 92 
69 63 46 
94 43 2 
92 97 20 
30 49 48 
23 23 95 
100 64 25 
50 100 96 
51 19 69 
82 18 63 
43 97 62 
86 65 25 
31 58 19 
32 49 15 
3 78 63 
51 52 37 
97 51 53 
21 53 4 
17 55 74 
37 37 91 
51 31 87 
13 16 3 
37 46 60 
7 78 60 
21 80 90 
35 82 41 
23 78 44 
75 51 48 
79 19 2 
52 55 90 
95 58 20 
33 70 35 
36 58 81 
47 64 10 
59 36 41 
48 22 23 
40 44 100 
35 71 50 
82 1 68 
36 4 75 
77 98 32 
49 31 53 
83 66 10 
15 64 25 
24 22 12 
65 69 33 
39 61 28 
38 47 98 
40 81 98 
7 16 54 
33 44 51 
64 92 33 
68 27 98 
29 41 14 
5 17 35 
16 33 56 
100 71 16 
80 8 62 
77 99 42 
27 6 9 
32 90 53 
82 54 96 
15 21 22 
64 2 63 
77 6 31 
64 22 63 
19 73 33 
34 52 92 
47 81 91 
41 59 48 
200 200 50000
1 90 37 
5 23 42 
1 89 15 
74 53 16 
36 81 21 
18 44 94 
80 14 67 
64 99 70 
8 46 50 
50 38 60 
49 38 49 
85 95 72 
79 95 60 
45 68 64 
60 56 97 
32 25 92 
78 5 6 
96 20 56 
65 79 53 
67 28 90 
26 76 80 
27 13 74 
50 43 20 
61 87 39 
77 98 94 
73 29 19 
16 58 75 
73 53 46 
29 18 25 
81 36 4 
23 13 32 
2 39 44 
27 40 38 
46 1 24 
36 77 21 
82 1 1 
52 68 59 
26 41 63 
23 21 32 
47 53 67 
3 75 80 
34 28 70 
29 54 10 
66 51 62 
89 87 38 
61 68 90 
13 19 57 
23 96 49 
86 70 69 
17 17 74 
36 71 48 
67 4 28 
36 32 33 
97 97 84 
58 37 22 
47 49 41 
36 61 11 
45 36 58 
93 73 27 
14 89 95 
39 76 65 
86 42 68 
65 78 51 
98 26 47 
33 84 35 
6 30 83 
46 18 96 
8 14 83 
65 6 55 
91 71 95 
86 9 71 
50 47 12 
70 11 41 
20 60 67 
19 92 50 
53 49 31 
88 94 100 
83 1 13 
65 17 71 
71 8 41 
65 93 2 
35 94 100 
47 63 62 
39 35 22 
5 53 65 
6 57 14 
37 44 59 
88 78 12 
1 94 28 
71 64 35 
63 81 79 
64 15 25 
63 13 39 
25 52 73 
98 56 77 
62 62 86 
27 50 81 
86 37 59 
49 89 4 
76 59 20 
63 22 100 
93 85 66 
69 100 79 
8 24 30 
32 21 37 
61 34 50 
46 61 51 
26 98 40 
36 46 28 
40 73 87 
11 87 60 
10 80 96 
75 100 95 
5 7 70 
86 39 42 
23 51 76 
24 96 88 
27 21 85 
66 9 82 
93 100 6 
79 10 93 
90 71 24 
86 97 23 
80 2 30 
50 39 20 
43 13 70 
70 37 17 
57 63 89 
93 28 97 
74 72 96 
80 3 57 
24 92 27 
47 77 76 
69 57 29 
50 58 67 
21 52 80 
42 22 16 
58 78 30 
47 23 9 
43 96 80 
91 27 82 
47 50 74 
26 48 2 
1 17 10 
29 18 19 
95 39 71 
74 80 92 
41 90 21 
22 36 43 
30 30 91 
62 20 69 
43 19 19 
68 44 18 
22 44 86 
31 72 4 
50 18 94 
20 92 25 
63 84 14 
83 6 1 
78 87 31 
68 48 2 
36 43 20 
6 62 63 
24 83 6 
9 14 29 
64 15 47 
57 34 90 
34 48 73 
47 30 30 
100 59 69 
30 26 68 
83 14 62 
3 71 24 
17 46 58 
23 7 23 
3 70 37 
49 79 22 
38 64 21 
63 10 51 
44 61 61 
64 90 39 
32 25 52 
45 27 74 
20 95 20 
78 17 26 
52 72 47 
41 20 77 
14 10 40 
35 24 2 
37 19 62 
97 83 4 
35 66 28 
38 10 6 
12 30 100 
31 59 69 
8 10 40 
54 2 11 
83 16 72 
22 50 47 
23 86 66 
85 34 100 
88 69 17 
67 58 26 
72 69 7 
71 51 65 
91 58 27 
30 64 28 
93 46 95 
64 67 96 
11 42 33 
28 26 67 
27 65 87 
43 83 44 
20 54 13 
27 76 63 
43 67 73 
21 48 88 
1 40 33 
95 56 51 
91 66 92 
23 93 69 
41 71 85 
27 13 67 
71 32 20 
35 10 48 
49 53 66 
21 73 13 
8 25 5 
92 20 60 
43 62 77 
86 36 21 
55 77 91 
91 3 55 
58 25 38 
29 59 48 
28 8 52 
93 80 76 
58 88 1 
62 31 72 
73 73 33 
1 11 68 
73 17 44 
15 7 99 
69 64 23 
6 45 34 
5 72 41 
8 65 72 
84 22 11 
84 35 42 
7 59 66 
39 11 76 
58 83 92 
54 97 99 
4 17 14 
26 74 58 
11 79 30 
3 38 46 
75 21 19 
85 56 53 
26 62 63 
92 52 73 
19 10 55 
11 15 3 
61 18 19 
74 95 92 
84 6 22 
13 8 60 
10 34 32 
28 19 88 
80 96 1 
94 39 5 
66 58 66 
72 20 80 
74 80 97 
44 5 43 
87 88 100 
61 52 8 
72 61 93 
3 88 11 
42 19 59 
95 64 97 
99 29 54 
64 100 73 
43 25 4 
91 20 9 
85 7 96 
85 67 100 
44 38 60 
36 92 100 
99 34 70 
57 28 34 
53 26 14 
59 41 66 
83 35 90 
87 77 10 
47 61 68 
94 45 34 
93 88 23 
5 76 14 
56 74 47 
25 82 26 
10 86 3 
24 44 43 
89 79 29 
30 17 5 
91 63 66 
58 56 62 
43 1 2 
17 5 77 
31 60 2 
29 36 83 
7 46 68 
9 21 64 
4 9 42 
32 90 10 
89 33 72 
54 90 79 
67 85 79 
68 1 35 
44 83 94 
45 64 30 
79 70 27 
47 30 47 
10 85 7 
3 69 48 
12 57 80 
35 62 70 
13 28 6 
44 96 58 
30 91 93 
76 88 56 
57 66 77 
83 12 6 
81 73 43 
87 75 11 
34 86 67 
14 72 28 
35 37 55 
92 80 2 
49 61 93 
93 36 32 
48 92 97 
76 26 61 
34 6 33 
76 44 60 
86 30 97 
52 95 69 
31 29 5 
37 72 36 
39 72 96 
83 65 32 
14 64 75 
62 40 1 
74 73 58 
7 48 2 
18 85 31 
14 36 25 
82 18 5 
86 54 28 
73 92 99 
69 26 63 
52 91 27 
78 53 18 
78 78 90 
36 84 37 
89 53 21 
19 67 8 
95 100 25 
51 38 30 
78 10 74 
76 30 99 
91 81 90 
17 59 94 
86 88 71 
75 75 7 
63 63 59 
35 33 77 
42 27 77 
18 77 14 
99 54 23 
72 30 5 
71 72 85 
12 40 95 
5 25 35 
75 99 9 
33 61 24 
92 95 56 
20 88 83 
96 57 11 
61 55 65 
36 27 46 
40 97 17 
76 8 56 
23 64 80 
57 90 30 
17 23 90 
40 66 36 
96 85 23 
30 33 79 
40 93 85 
200 200 50000
56 28 11 
1 67 59 
69 95 18 
76 17 81 
7 73 71 
36 89 45 
77 81 62 
64 76 46 
38 57 30 
68 96 23 
53 4 2 
63 56 69 
22 25 63 
39 52 79 
72 59 3 
42 46 43 
38 75 23 
99 38 50 
96 76 6 
26 43 54 
48 95 9 
49 10 64 
69 31 88 
83 21 92 
13 92 50 
15 85 47 
10 22 21 
32 72 59 
34 68 86 
91 93 28 
96 92 75 
4 40 84 
68 61 14 
7 43 86 
98 8 78 
99 74 14 
46 83 88 
18 67 59 
28 100 26 
13 42 18 
41 38 9 
15 93 1 
98 60 13 
63 19 7 
100 16 14 
29 67 88 
43 12 70 
30 81 88 
40 9 87 
66 21 81 
35 13 70 
96 79 62 
96 28 74 
60 42 92 
66 42 59 
32 70 25 
71 12 88 
92 93 69 
80 33 77 
18 50 49 
98 84 62 
67 79 40 
29 26 20 
2 85 61 
45 3 2 
3 34 72 
28 4 35 
67 95 80 
35 74 12 
63 92 13 
12 41 96 
73 8 75 
64 88 100 
83 41 37 
44 85 39 
45 87 72 
68 66 27 
3 33 73 
34 67 47 
45 30 90 
9 93 82 
4 65 89 
78 80 28 
30 15 68 
66 58 52 
4 54 91 
27 74 56 
5 28 40 
77 61 7 
75 57 88 
16 65 80 
98 68 96 
38 98 27 
66 79 41 
33 44 50 
85 99 56 
27 77 81 
82 81 8 
22 9 68 
80 84 76 
19 51 40 
50 48 59 
97 86 8 
23 51 86 
16 35 81 
17 71 79 
72 97 7 
52 79 39 
11 52 48 
30 83 83 
5 53 33 
96 2 33 
7 50 18 
14 24 20 
52 39 54 
32 56 25 
11 79 21 
69 31 51 
8 93 54 
7 23 36 
89 27 88 
73 75 41 
5 81 90 
74 46 14 
93 97 4 
99 29 59 
75 91 38 
47 59 20 
50 66 12 
3 24 34 
91 12 13 
30 37 87 
71 93 19 
12 67 64 
77 11 13 
81 61 41 
91 35 83 
28 34 41 
99 83 59 
63 37 82 
48 27 46 
12 9 34 
50 31 26 
68 42 92 
84 19 3 
96 51 15 
88 41 50 
70 21 83 
62 71 17 
72 33 53 
54 33 32 
51 44 92 
84 94 22 
9 13 15 
53 96 85 
7 43 35 
21 82 76 
70 3 48 
4 65 18 
72 36 51 
77 41 83 
8 43 26 
99 78 71 
72 87 84 
86 91 31 
71 97 74 
5 17 7 
32 39 10 
79 94 26 
97 66 13 
47 42 54 
81 1 48 
58 51 26 
29 22 64 
64 7 54 
94 77 50 
19 34 18 
26 65 56 
35 96 50 
60 92 67 
72 90 8 
77 22 60 
77 79 10 
2 59 83 
17 22 89 
70 68 18 
71 86 3 
88 11 67 
96 97 14 
97 8 5 
63 32 46 
22 60 67 
81 36 98 
90 37 56 
72 53 30 
12 74 97 
81 96 34 
83 36 97 
2 31 45 
15 27 53 
20 89 84 
17 10 43 
84 42 79 
81 83 67 
88 54 72 
17 17 97 
65 98 93 
51 32 28 
47 33 10 
91 48 88 
95 19 76 
30 35 37 
25 18 30 
55 50 12 
21 38 17 
44 6 33 
93 23 82 
85 73 14 
64 71 46 
25 13 45 
12 8 63 
39 37 50 
27 61 67 
56 67 69 
67 88 6 
83 83 11 
67 75 85 
49 11 57 
14 26 27 
11 2 40 
56 13 99 
18 3 87 
19 29 100 
38 84 66 
6 2 5 
11 84 40 
73 3 14 
58 51 77 
66 16 54 
45 26 56 
36 81 20 
34 51 23 
72 69 3 
71 6 87 
89 11 40 
93 73 76 
32 98 78 
98 7 80 
26 72 95 
79 68 20 
86 3 53 
6 36 55 
80 8 75 
82 30 81 
20 18 43 
60 11 68 
35 94 17 
64 43 23 
43 68 46 
89 99 14 
60 84 16 
12 41 4 
66 72 63 
41 54 92 
73 25 62 
67 84 24 
34 70 17 
2 33 12 
76 27 79 
22 15 77 
87 75 13 
54 86 5 
9 4 77 
71 96 82 
15 20 6 
28 86 90 
51 72 11 
19 25 44 
30 1 70 
61 22 85 
37 60 11 
1 65 96 
6 74 51 
34 96 98 
15 62 17 
20 89 55 
61 39 78 
72 10 2 
15 91 2 
36 51 75 
72 88 34 
82 40 99 
30 45 24 
80 78 19 
30 44 81 
46 64 69 
52 24 60 
29 47 21 
83 13 11 
84 49 62 
59 72 1 
44 54 92 
94 35 37 
17 66 66 
88 95 62 
68 93 25 
88 44 100 
99 25 47 
19 7 59 
82 90 59 
95 100 31 
95 96 36 
86 89 70 
74 58 35 
92 45 30 
53 64 22 
29 51 17 
28 2 41 
26 72 99 
85 53 41 
95 47 92 
25 93 87 
12 31 76 
81 56 85 
16 99 29 
97 3 44 
70 31 46 
86 11 47 
79 36 19 
29 72 23 
69 19 22 
61 43 66 
47 55 48 
74 87 4 
10 54 54 
38 50 57 
33 19 87 
79 57 49 
25 87 37 
95 15 60 
18 36 78 
91 96 73 
56 94 27 
4 20 65 
59 29 19 
12 19 20 
68 51 39 
7 29 47 
55 6 85 
43 100 51 
3 69 86 
80 59 33 
52 15 27 
30 70 98 
95 28 26 
65 39 44 
84 7 47 
74 65 27 
20 71 32 
56 14 84 
7 16 52 
92 47 63 
77 51 29 
55 80 98 
52 26 25 
29 90 63 
25 74 21 
71 47 37 
97 19 8 
81 74 73 
64 32 40 
67 76 86 
81 52 36 
9 6 68 
58 9 93 
82 37 35 
97 61 8 
69 83 6 
6 32 76 
65 64 2 
37 27 33 
76 45 8 
13 78 11 
49 86 68 
68 96 76 
60 29 65 
94 25 77 
53 46 60 
11 3 43 
86 67 6 
87 3 84 
72 30 80 
31 42 57 
42 42 95 
9 9 90 
37 21 18 
1 14 95 
77 19 40 
88 29 42 
30 66 8 
200 200 50000
35 5 62 
70 76 91 
50 6 32 
6 99 26 
100 60 34 
41 96 54 
59 96 20 
53 24 38 
44 12 18 
85 93 35 
44 28 39 
57 49 14 
47 98 72 
30 56 22 
55 7 81 
41 48 28 
94 58 75 
65 10 99 
2 5 10 
71 41 2 
6 84 81 
44 92 82 
10 38 79 
33 19 86 
6 26 93 
87 18 40 
66 11 97 
41 76 58 
39 29 14 
100 52 54 
1 57 89 
34 52 80 
15 13 69 
45 97 39 
31 3 64 
23 41 81 
14 6 44 
62 46 71 
71 36 51 
84 35 2 
89 88 10 
77 21 14 
8 87 26 
76 83 75 
14 13 77 
30 87 69 
62 52 74 
5 13 72 
27 35 7 
78 70 42 
31 58 29 
41 86 1 
6 93 39 
31 68 21 
57 34 86 
33 63 72 
1 76 24 
27 81 88 
98 59 75 
4 36 44 
45 19 2 
25 11 39 
25 16 32 
15 98 51 
36 55 84 
21 87 98 
44 40 74 
19 66 6 
7 63 64 
33 18 52 
76 15 22 
29 39 32 
68 16 47 
51 30 96 
1 17 50 
37 37 89 
34 81 28 
59 99 45 
16 57 59 
32 41 76 
83 17 90 
56 97 81 
87 16 48 
85 66 29 
80 67 46 
30 55 82 
18 40 14 
97 99 65 
41 14 73 
51 45 14 
26 79 82 
68 34 78 
100 72 46 
47 56 11 
75 88 29 
20 17 83 
54 86 23 
19 34 73 
83 26 38 
8 76 83 
21 1 13 
2 20 99 
31 19 22 
76 65 78 
39 40 17 
67 11 33 
2 16 70 
24 35 3 
96 69 28 
85 76 55 
67 48 55 
32 1 75 
82 32 45 
3 59 10 
32 97 1 
48 16 63 
32 17 79 
1 92 13 
55 39 81 
34 23 9 
88 42 56 
95 73 57 
21 54 40 
65 56 98 
26 88 47 
26 35 62 
89 19 30 
67 19 21 
31 26 59 
11 59 81 
19 99 22 
27 93 46 
83 13 51 
22 77 59 
71 55 98 
17 80 32 
30 20 50 
59 38 21 
31 20 46 
89 31 56 
22 1 54 
95 79 46 
93 61 10 
43 34 39 
1 5 93 
98 73 24 
82 55 44 
83 65 33 
55 96 53 
52 36 35 
8 9 87 
13 4 66 
59 48 78 
68 90 12 
58 43 68 
50 92 40 
74 25 94 
69 8 11 
53 14 6 
5 66 41 
91 73 2 
30 37 57 
47 95 4 
24 15 45 
35 72 39 
54 74 31 
94 47 55 
39 67 14 
49 19 28 
6 76 93 
99 66 17 
100 47 53 
56 93 100 
11 17 66 
55 3 89 
94 57 62 
24 2 60 
30 92 26 
44 93 45 
71 98 20 
15 96 37 
31 47 84 
35 54 28 
34 64 96 
99 19 99 
40 64 7 
1 39 60 
61 68 51 
86 11 43 
82 33 93 
1 47 88 
90 29 87 
25 64 40 
52 49 4 
48 100 74 
98 39 89 
56 39 27 
15 51 94 
65 89 57 
60 70 41 
52 71 88 
91 12 68 
77 36 31 
69 87 32 
24 86 31 
97 35 69 
85 90 59 
63 4 10 
8 21 98 
16 80 19 
57 31 89 
96 21 52 
63 50 87 
46 18 26 
77 41 11 
7 89 98 
27 25 87 
85 87 43 
46 46 15 
95 62 94 
14 18 76 
54 13 48 
6 27 97 
44 72 66 
69 100 58 
32 58 46 
29 84 22 
67 21 60 
61 18 6 
75 13 67 
20 78 36 
95 31 100 
95 88 26 
43 32 50 
61 52 1 
18 83 59 
16 63 42 
37 30 14 
97 90 32 
54 17 44 
20 36 73 
7 83 55 
6 77 43 
83 71 26 
32 31 29 
85 49 12 
43 64 26 
36 52 7 
50 48 49 
33 53 65 
28 24 52 
100 30 34 
54 87 62 
48 70 33 
73 53 63 
2 37 63 
65 79 26 
42 15 30 
49 16 29 
49 48 82 
13 75 5 
64 74 35 
50 79 73 
11 27 42 
43 99 95 
58 52 31 
20 68 62 
98 62 28 
27 10 43 
55 58 42 
88 22 68 
93 37 93 
79 86 71 
51 97 97 
45 91 48 
39 48 51 
21 20 71 
82 17 32 
61 95 93 
55 1 2 
96 41 23 
15 33 59 
7 63 45 
78 65 93 
26 9 83 
73 99 31 
76 72 2 
46 53 18 
77 66 64 
21 20 16 
22 68 56 
96 82 40 
54 89 54 
50 18 19 
94 43 79 
77 68 30 
59 43 1 
60 88 5 
29 16 70 
44 36 90 
59 9 57 
67 4 38 
58 9 78 
12 11 95 
82 4 90 
60 32 57 
89 90 99 
41 1 38 
46 81 5 
15 24 92 
4 35 100 
12 53 3 
2 10 63 
79 21 73 
26 54 77 
15 14 60 
71 54 50 
21 95 2 
10 40 83 
14 6 6 
5 10 92 
56 73 44 
10 74 54 
72 53 26 
45 78 80 
73 92 45 
32 14 50 
33 34 96 
35 43 87 
17 8 93 
74 64 54 
66 19 26 
9 28 52 
14 99 4 
40 95 33 
71 19 76 
15 51 41 
16 35 74 
12 69 68 
50 37 27 
42 11 90 
47 76 60 
25 36 87 
76 50 37 
79 41 84 
63 11 2 
90 77 4 
30 44 39 
3 7 59 
22 57 96 
100 50 58 
89 49 33 
48 73 20 
86 48 21 
74 78 61 
57 40 23 
11 29 51 
14 58 47 
4 12 53 
63 85 61 
10 84 63 
67 24 11 
51 23 83 
70 8 30 
43 81 59 
55 90 98 
30 100 78 
80 65 87 
78 21 50 
31 83 86 
43 44 69 
5 10 44 
15 12 66 
49 33 25 
30 75 57 
88 30 98 
85 59 97 
14 90 14 
52 68 34 
1 50 68 
86 92 11 
6 49 72 
1 63 83 
66 64 15 
42 93 42 
51 81 71 
48 17 81 
97 31 70 
10 34 89 
43 35 38 
62 20 82 
72 78 30 
95 78 44 
77 96 7 
43 37 52 
84 39 32 
6 87 48 
86 83 30 
8 44 64 
96 38 50 
200 200 50000
86 99 21 
19 22 98 
48 16 28 
43 92 23 
2 34 11 
53 70 50 
84 75 88 
83 61 22 
65 68 65 
80 15 2 
81 100 52 
1 18 73 
51 17 88 
78 12 31 
52 13 64 
62 65 85 
63 100 60 
50 34 20 
23 98 39 
87 29 5 
40 9 57 
91 10 74 
63 12 43 
50 89 54 
80 40 66 
96 53 82 
80 16 81 
39 17 14 
10 40 64 
100 78 44 
5 18 53 
61 8 14 
86 23 25 
80 72 65 
33 4 4 
50 51 56 
83 82 23 
63 21 92 
29 82 83 
44 34 60 
87 38 29 
91 50 37 
56 35 11 
80 15 34 
96 99 37 
99 1 87 
7 83 69 
81 98 41 
72 26 74 
6 21 7 
66 59 96 
46 50 45 
34 57 80 
44 89 46 
78 84 96 
14 35 96 
53 41 79 
73 21 76 
65 45 53 
90 50 73 
49 67 31 
44 13 32 
89 46 41 
20 90 29 
17 67 12 
12 32 46 
8 36 38 
86 60 59 
61 24 55 
13 66 56 
37 14 23 
19 57 87 
3 97 32 
43 16 73 
71 32 91 
82 44 23 
80 51 10 
17 88 70 
27 100 45 
33 64 10 
89 100 23 
11 18 32 
49 20 28 
80 62 96 
53 84 27 
43 18 22 
17 97 24 
27 65 11 
48 92 10 
92 24 25 
54 64 24 
28 74 94 
59 22 65 
39 54 79 
34 58 62 
12 52 79 
86 21 27 
9 99 92 
72 46 35 
33 37 58 
58 90 22 
33 70 47 
26 28 21 
43 18 26 
73 3 83 
34 15 86 
65 52 6 
43 60 4 
34 83 49 
68 16 38 
78 25 79 
51 57 48 
97 35 28 
69 77 45 
94 49 48 
28 34 14 
14 50 65 
71 93 76 
75 78 59 
75 46 26 
12 23 50 
43 25 58 
90 21 92 
69 42 20 
14 87 20 
13 15 6 
78 80 55 
42 50 99 
69 24 77 
79 51 22 
4 62 96 
5 56 72 
63 46 92 
54 14 85 
26 79 72 
45 43 86 
2 20 17 
57 61 66 
7 82 42 
83 60 92 
56 64 5 
3 68 61 
74 82 58 
18 36 71 
2 13 2 
25 9 44 
62 11 64 
78 67 76 
44 25 57 
85 8 17 
76 15 32 
32 18 51 
92 43 33 
49 60 20 
72 14 32 
73 38 40 
68 100 50 
83 77 68 
11 72 93 
67 8 52 
35 83 66 
18 67 35 
69 58 30 
53 59 89 
72 30 54 
55 54 44 
46 73 95 
48 56 23 
15 66 95 
59 84 2 
62 71 37 
28 88 3 
14 8 12 
43 60 70 
84 83 51 
89 89 4 
32 35 29 
26 82 84 
1 48 1 
95 7 84 
48 68 54 
84 47 94 
38 13 1 
50 7 13 
71 90 47 
22 31 36 
77 62 70 
5 40 3 
40 40 50 
40 86 8 
76 33 76 
81 69 74 
74 6 38 
27 7 45 
39 30 86 
37 51 16 
72 79 78 
93 36 69 
95 75 8 
45 15 93 
52 42 25 
79 22 45 
5 96 51 
42 74 9 
86 64 38 
24 100 40 
39 72 71 
68 64 6 
36 59 80 
95 55 46 
39 6 87 
16 85 9 
60 41 56 
10 82 29 
71 20 92 
60 43 43 
100 33 14 
70 1 30 
27 88 88 
6 83 42 
4 21 99 
90 36 35 
50 48 75 
57 57 57 
37 79 28 
80 39 70 
23 90 2 
36 59 54 
65 85 42 
4 42 76 
97 45 48 
96 87 36 
82 88 83 
57 45 39 
65 81 70 
92 13 8 
13 35 97 
66 22 7 
20 39 43 
13 42 84 
88 39 81 
35 86 67 
70 67 54 
4 75 50 
95 39 83 
64 30 95 
71 94 29 
19 60 2 
25 79 40 
19 91 82 
54 30 72 
34 16 9 
52 38 27 
58 41 2 
7 35 40 
89 98 22 
35 20 15 
15 38 74 
17 14 4 
56 84 46 
89 38 75 
60 71 43 
20 23 80 
47 32 20 
48 38 7 
39 79 4 
12 65 76 
27 80 65 
52 96 31 
8 3 14 
53 92 51 
80 3 74 
22 23 48 
1 21 79 
72 20 68 
78 10 46 
34 22 11 
9 100 42 
25 51 89 
55 58 91 
69 63 34 
71 42 37 
44 63 11 
43 15 83 
21 38 2 
89 68 11 
86 1 32 
48 61 83 
89 85 86 
77 40 43 
20 60 57 
53 82 98 
41 26 12 
3 20 26 
85 41 16 
38 81 83 
49 18 35 
32 66 95 
15 6 31 
100 35 22 
94 6 81 
51 58 63 
100 51 40 
12 53 59 
89 90 51 
4 27 83 
38 75 1 
72 59 18 
66 25 75 
49 76 61 
70 21 66 
3 71 76 
17 23 26 
8 86 30 
66 74 19 
69 30 46 
51 19 72 
3 91 30 
20 8 54 
47 56 81 
7 26 2 
73 80 24 
48 96 46 
25 3 31 
54 20 57 
73 88 38 
18 91 56 
89 93 98 
71 65 6 
76 11 13 
57 17 90 
58 41 69 
81 88 64 
79 12 18 
61 18 38 
69 90 77 
6 59 67 
14 99 12 
63 69 28 
20 45 90 
33 53 58 
22 10 99 
43 42 38 
58 72 2 
76 33 19 
65 1 60 
41 59 18 
60 24 16 
23 86 37 
2 6 33 
91 90 85 
48 63 46 
98 5 87 
36 15 11 
37 90 43 
7 6 95 
66 46 5 
83 57 28 
50 79 66 
38 32 23 
70 22 12 
6 22 26 
51 71 31 
90 6 97 
100 94 86 
94 100 91 
40 65 88 
45 99 45 
24 1 75 
89 90 7 
63 12 80 
26 17 1 
52 20 72 
34 61 29 
30 12 75 
67 5 74 
9 44 91 
96 40 41 
92 64 93 
19 4 83 
25 19 94 
4 44 62 
57 95 81 
80 80 93 
60 9 4 
34 27 8 
60 35 4 
2 83 43 
42 74 58 
87 92 62 
69 68 80 
14 24 75 
75 80 22 
8 11 1 
100 22 62 
4 56 88 
63 67 23 
18 68 57 
61 61 30 
70 47 74 
