1
300 1000
215 202
321 252
33 273
98 241
295 250
271 270
173 330
446 185
196 465
356 136
110 430
10 337
341 393
243 32
151 60
114 393
145 367
492 435
176 179
281 442
213 323
5 404
90 238
56 452
88 286
216 412
101 50
295 79
463 443
355 390
283 115
334 469
404 281
312 326
268 432
107 93
498 333
72 113
417 440
226 128
392 5
407 295
226 494
289 203
445 189
156 144
113 229
362 490
168 369
153 174
119 437
122 112
225 469
409 194
174 142
499 136
283 67
61 259
314 9
50 202
346 259
340 207
49 311
32 202
228 70
359 185
297 348
169 481
176 375
369 79
67 202
121 221
480 350
359 182
236 146
405 261
468 82
245 246
300 370
292 277
314 29
229 151
132 112
487 398
477 160
363 356
429 396
246 484
19 409
55 457
219 255
190 313
59 39
261 435
213 211
240 53
204 27
491 321
220 337
497 330
39 49
446 360
197 468
378 192
2 216
323 285
98 221
260 13
449 9
221 22
75 14
393 313
135 132
469 385
67 355
256 318
31 106
75 202
247 228
296 305
90 249
322 119
133 41
402 82
104 434
300 123
289 32
164 193
430 424
131 485
155 498
104 239
442 186
266 31
336 41
142 62
182 279
320 464
398 167
453 74
198 355
387 253
446 339
263 403
240 377
227 246
485 395
82 331
215 279
172 348
263 51
182 314
130 445
464 354
429 29
384 417
170 127
318 123
378 468
345 81
179 118
13 424
108 16
296 447
148 323
374 320
487 411
208 57
263 117
498 172
89 192
171 382
357 111
79 489
422 235
353 277
201 101
118 219
166 309
132 266
86 314
225 359
268 425
43 433
457 31
224 41
276 398
9 395
385 133
369 441
218 159
261 74
293 271
81 231
349 460
274 65
424 287
213 352
137 44
428 108
149 95
493 152
399 277
263 3
296 136
296 132
206 14
285 409
492 352
312 218
284 193
480 438
142 60
105 45
153 280
375 33
37 155
432 368
223 288
425 47
179 19
385 73
482 238
90 171
389 326
19 254
44 25
86 499
45 187
467 43
428 50
205 342
62 317
105 490
37 286
157 382
455 69
159 43
66 289
115 101
207 455
333 134
134 251
438 271
314 31
433 257
451 94
411 491
333 14
152 368
251 222
143 161
204 206
348 302
255 270
78 463
98 462
66 263
34 84
467 356
114 348
294 400
243 65
431 205
425 76
151 435
97 176
235 294
449 301
424 83
46 204
19 354
117 496
80 437
293 151
351 399
300 259
177 145
202 395
472 108
44 127
156 123
269 141
294 243
178 218
275 70
424 224
73 146
83 41
44 5
405 228
488 395
392 57
452 165
273 446
74 276
251 169
162 82
177 21
239 457
431 366 27 355
345 4 12 452
176 390 10 447
472 164 137 415
476 424 329 30
124 402 201 454
325 286 336 304
368 417 95 13
279 152 283 475
95 124 156 148
433 271 366 166
238 257 435 356
71 66 34 116
39 47 321 235
23 217 185 157
108 243 134 281
417 387 395 269
70 365 11 52
86 356 136 230
40 176 113 424
234 463 242 147
73 126 362 63
181 96 343 48
98 289 191 329
491 368 28 87
121 413 233 39
145 59 269 221
382 38 235 235
393 469 353 478
116 466 447 216
471 297 414 142
193 421 438 106
357 36 141 466
448 331 449 374
306 93 390 71
308 40 483 478
53 201 9 337
450 169 20 456
392 421 318 434
426 437 195 108
63 135 473 336
346 11 466 275
187 152 104 209
277 347 44 88
214 330 48 406
207 165 351 420
129 99 86 169
470 55 389 133
137 33 190 362
218 335 396 9
292 257 339 352
290 69 104 384
425 356 399 152
271 132 21 102
93 400 83 460
335 63 307 472
7 324 448 498
49 77 12 344
87 341 334 351
442 229 411 438
265 367 86 162
67 388 499 107
407 161 141 435
298 94 76 448
73 157 271 377
486 122 234 283
358 74 316 420
241 301 155 227
349 358 20 241
307 268 99 20
40 214 281 240
87 191 309 358
215 160 200 80
207 201 283 287
178 418 127 99
24 271 219 283
111 225 482 91
173 418 346 81
337 65 485 127
226 424 108 294
448 441 85 309
171 155 494 220
405 349 73 122
236 281 472 144
387 199 359 454
332 412 470 205
101 22 478 307
99 179 298 438
455 47 120 383
88 126 55 466
125 345 327 480
106 213 127 300
43 494 264 338
393 227 258 86
27 346 249 88
283 126 25 48
464 239 174 497
209 404 217 229
197 186 250 45
67 303 251 229
306 110 149 368
496 200 189 408
191 375 398 291
273 474 2 276
109 89 65 28
180 170 494 135
325 377 209 96
180 244 32 312
294 487 206 34
186 142 39 395
65 377 18 289
400 191 204 372
256 361 280 121
74 288 31 126
405 251 17 92
436 437 495 50
449 230 276 201
457 487 372 315
262 22 217 390
394 14 213 273
324 3 375 346
351 399 291 259
211 108 2 309
51 147 46 498
138 352 377 322
492 447 340 249
330 106 469 57
233 76 121 35
459 57 79 348
32 163 308 223
161 95 271 163
140 64 242 317
72 130 417 471
166 64 77 257
433 348 171 398
344 166 424 144
79 156 76 356
399 111 319 236
260 412 58 442
123 252 329 152
355 195 234 246
61 373 112 311
279 495 221 135
1 475 13 145
178 432 131 441
245 429 43 302
105 357 194 453
121 228 109 23
6 328 276 343
23 67 201 388
419 154 414 274
221 273 129 428
415 251 205 113
406 12 181 101
102 12 369 227
173 223 240 478
256 179 51 368
378 131 99 104
293 149 285 13
380 15 274 267
285 147 266 332
26 191 160 299
360 128 203 29
164 33 203 296
210 273 65 106
177 440 404 164
457 471 90 190
48 189 486 216
404 333 336 252
378 430 377 496
228 238 59 80
221 393 123 114
204 431 166 188
112 382 224 70
382 69 205 314
295 431 258 191
295 199 116 447
426 173 482 493
7 154 263 393
427 228 47 239
488 132 12 65
402 100 366 236
114 284 22 71
79 261 67 132
29 375 313 184
40 455 48 295
403 47 110 164
75 182 276 9
376 415 166 140
455 130 15 32
22 421 414 389
18 101 35 482
495 399 476 348
393 35 355 377
326 296 434 317
202 253 330 62
381 78 168 497
425 189 208 36
309 447 110 475
345 179 401 497
106 192 78 377
102 499 227 285
224 281 147 162
179 279 34 330
91 412 209 55
245 368 101 270
61 406 316 64
446 259 85 217
449 405 451 163
193 403 256 179
86 269 184 256
126 117 48 71
28 69 29 258
47 125 437 131
174 108 31 105
131 473 219 116
202 432 378 171
242 395 336 486
443 180 16 372
175 421 297 417
310 55 342 327
237 357 32 132
31 264 317 63
208 162 237 37
305 262 447 467
155 400 9 283
442 451 80 25
409 469 372 230
347 219 376 215
323 436 428 408
134 354 52 245
460 194 369 141
451 266 456 316
343 458 166 465
180 285 409 98
201 89 107 134
96 400 160 335
186 419 188 88
382 320 126 241
163 195 367 347
289 466 461 323
77 484 424 479
320 110 121 186
416 21 199 228
448 12 421 360
202 486 283 109
256 437 307 409
349 271 132 26
424 490 237 445
200 353 474 14
176 20 463 96
375 92 393 163
275 175 456 314
1 330 162 240
347 110 267 321
196 196 381 251
485 120 39 471
461 185 473 13
304 490 205 289
264 179 434 98
483 391 354 391
337 484 73 16
91 184 446 340
299 287 233 328
137 136 259 272
374 451 321 85
328 178 441 378
118 444 209 227
432 453 187 63
453 121 290 261
64 397 306 236
15 215 36 391
381 4 203 296
254 107 455 24
476 434 137 248
261 446 378 346
179 193 400 66
426 132 167 190
216 343 29 473
214 231 410 66
490 95 87 114
143 245 54 395
389 471 31 191
328 150 418 410
212 7 196 170
188 490 491 363
291 256 333 373
210 5 339 96
321 52 452 426
49 317 149 6
91 438 288 181
80 271 88 58
499 292 130 136
346 39 283 121
64 137 295 468
61 274 494 134
304 234 327 446
9 353 51 476
250 100 291 192
220 331 223 232
327 72 475 353
227 173 111 258
393 143 163 259
456 306 270 157
277 260 41 449
136 287 466 444
193 239 239 109
168 414 422 463
156 495 486 397
208 235 21 449
193 102 378 36
449 1 260 0
98 227 262 153
189 234 14 80
216 383 473 253
145 237 149 395
84 153 232 135
141 145 388 105
119 335 99 118
13 420 336 359
30 463 147 450
267 72 197 161
270 335 455 23
91 415 72 104
262 27 68 157
279 404 172 308
483 250 91 271
82 348 170 279
331 112 311 318
383 450 184 8
447 6 286 491
367 38 273 210
2 130 66 194
214 133 386 90
256 197 383 477
76 338 45 406
216 259 303 356
183 452 210 339
58 130 310 348
277 426 21 83
29 280 408 439
271 95 265 294
407 379 292 1
397 483 70 189
64 466 94 373
152 247 270 304
163 63 378 80
190 441 489 251
191 71 73 397
339 314 167 338
1 98 193 311
488 250 433 263
332 53 216 28
66 337 300 486
281 230 400 30
490 323 23 241
286 181 395 448
373 478 347 62
156 226 428 40
390 144 477 362
32 74 197 193
380 450 263 350
256 14 32 15
3 246 189 55
498 142 279 84
19 224 472 126
262 175 450 400
325 4 319 279
219 357 79 369
210 451 307 342
247 466 317 340
443 251 65 7
175 442 245 196
117 194 18 217
100 232 221 320
261 425 236 392
362 332 282 167
281 72 284 441
460 29 390 453
4 256 132 307
446 179 50 229
388 415 225 68
338 488 499 446
255 452 265 88
341 469 284 399
374 474 393 420
91 186 355 284
216 447 294 487
412 14 126 344
149 153 282 203
369 340 493 281
158 477 144 259
201 351 446 280
476 427 326 340
21 67 465 181
104 89 15 260
197 369 456 493
19 198 22 238
126 241 390 367
315 137 218 34
356 368 488 164
200 332 295 166
372 221 252 112
112 329 162 119
356 161 198 118
439 376 360 72
137 418 117 102
203 304 407 187
414 60 172 247
431 114 244 319
467 156 187 348
468 432 485 349
459 324 93 35
408 398 52 305
60 397 168 21
323 264 53 75
396 89 176 77
121 179 203 420
91 88 335 242
59 411 20 172
123 18 88 466
366 31 269 492
365 426 280 437
410 40 190 333
139 158 129 366
278 112 190 184
50 369 200 25
391 109 133 73
213 14 128 221
186 79 398 249
364 403 6 178
267 126 295 48
460 258 285 424
352 238 370 475
495 254 460 422
314 238 364 93
445 379 253 344
33 483 459 3
217 397 387 317
459 484 376 182
488 271 242 161
35 192 362 112
267 382 447 322
359 433 121 163
81 304 312 226
292 114 287 123
209 10 364 26
253 20 494 240
53 241 291 89
327 440 433 153
395 446 175 232
374 106 379 148
19 307 410 44
76 312 421 50
377 285 174 285
109 130 305 20
454 15 371 449
241 134 455 157
130 489 80 130
356 356 95 312
408 227 163 6
222 484 39 85
86 100 270 65
228 195 230 427
463 35 210 454
0 204 169 18
413 131 193 101
147 121 487 141
88 407 349 151
306 310 391 240
441 392 262 13
447 21 439 493
20 262 56 2
327 372 318 225
153 92 3 12
346 152 66 343
7 286 59 415
316 165 448 302
204 109 409 211
351 3 130 349
264 223 117 187
447 443 95 435
146 452 388 451
221 344 456 454
170 228 130 367
141 486 246 78
4 345 95 155
116 207 200 77
253 381 282 317
33 52 176 230
370 179 357 64
33 91 375 165
435 55 172 357
425 429 41 418
65 282 274 488
144 34 489 327
354 249 415 124
360 387 154 443
176 82 418 11
150 61 174 293
468 437 116 198
497 393 366 9
320 415 175 493
141 316 449 17
11 495 418 216
435 371 234 72
297 463 454 152
30 299 25 480
3 498 236 141
300 0 243 455
288 120 267 419
284 281 288 216
130 296 276 206
366 417 167 362
305 163 381 473
399 335 314 406
357 254 333 50
348 157 255 77
91 488 129 374
476 375 269 418
259 459 171 397
16 125 376 191
15 322 140 257
356 267 157 454
272 66 21 343
3 472 223 128
123 446 460 353
126 451 321 229
388 385 262 345
248 256 362 139
308 116 78 2
283 164 383 88
237 55 230 256
11 92 27 306
68 486 38 487
408 194 437 211
191 296 431 200
147 439 53 293
423 455 407 483
399 206 471 142
360 488 113 54
331 223 80 492
329 399 209 118
198 90 445 146
169 241 386 376
127 316 181 291
231 50 123 88
1 482 109 95
67 213 322 74
20 250 436 402
143 201 150 145
324 194 291 95
173 493 435 30
57 300 162 116
232 140 203 285
386 233 474 312
198 305 446 296
379 70 56 382
5 23 123 58
149 329 217 267
121 322 175 152
122 30 123 337
490 207 22 326
144 376 440 496
121 194 34 239
0 1 116 90
358 357 376 91
97 7 187 93
51 218 182 362
483 25 100 305
470 473 232 122
264 114 201 173
177 385 160 235
368 29 238 276
59 78 387 466
288 157 438 74
425 339 227 120
450 260 364 328
474 421 233 449
22 238 387 434
176 51 475 48
32 44 81 214
394 92 475 468
33 182 101 413
8 310 373 180
38 311 70 89
89 12 84 303
371 463 250 323
292 48 15 226
64 324 444 96
184 458 268 419
402 217 492 221
306 410 27 217
104 345 73 449
333 194 209 9
38 204 9 460
120 182 104 24
172 36 358 401
348 357 346 127
407 250 426 190
255 214 13 454
448 360 411 438
432 281 406 472
440 322 337 415
47 412 4 294
342 219 301 363
338 42 76 147
309 97 145 3
448 416 163 10
47 248 276 74
450 331 29 182
13 390 6 219
77 60 154 362
455 419 131 307
415 145 314 60
469 76 94 459
184 417 492 258
303 83 18 269
118 253 267 47
487 483 143 273
457 65 43 150
87 264 336 27
109 2 261 150
114 78 78 356
191 298 348 70
265 495 234 366
274 384 248 1
246 261 367 244
142 203 178 263
165 229 320 15
289 127 83 81
435 255 57 13
475 127 406 257
141 241 122 140
466 267 477 222
311 212 380 196
74 453 268 59
21 91 34 88
130 311 70 117
237 66 66 128
464 213 45 472
241 105 306 167
331 60 372 135
164 495 124 253
332 90 300 392
304 206 33 335
84 287 369 104
260 321 353 287
417 76 34 398
327 10 182 340
159 159 70 406
87 175 6 195
493 272 265 306
403 298 478 299
486 487 85 199
40 98 160 290
387 309 175 195
263 215 319 357
85 275 226 390
242 24 450 84
367 236 148 68
177 122 386 478
465 164 461 323
168 5 262 121
146 56 314 437
375 410 123 485
285 312 37 201
259 27 337 339
316 126 263 485
324 493 100 1
35 289 157 61
209 203 146 420
446 356 111 460
435 173 118 234
346 220 486 155
12 106 100 175
217 328 84 363
98 41 322 185
251 133 183 479
142 461 337 329
35 440 169 448
294 470 113 287
126 140 43 451
358 491 98 143
220 75 319 183
325 318 117 493
481 76 304 152
441 475 389 141
345 476 415 58
332 491 299 381
337 311 484 342
117 195 302 82
467 337 271 473
392 292 8 240
305 225 220 312
20 246 201 110
349 218 75 468
216 182 209 374
128 405 345 193
472 245 100 147
463 439 435 223
107 207 83 295
266 264 285 304
306 138 362 486
311 156 356 437
111 379 190 418
34 91 284 35
460 358 337 237
419 424 298 124
37 26 483 233
106 155 142 268
442 413 294 4
420 105 421 2
498 384 485 111
358 384 475 121
288 319 242 164
126 207 95 392
199 15 85 430
232 305 171 227
319 174 70 317
454 240 131 491
90 452 476 116
116 448 336 451
471 404 119 79
497 449 464 66
277 48 465 49
305 361 205 488
119 124 387 276
487 74 216 18
496 77 26 44
294 464 377 215
415 117 220 349
86 264 67 184
372 215 312 384
146 177 76 18
333 265 153 315
266 172 339 222
433 114 101 218
328 79 430 479
187 95 48 151
351 273 212 467
394 223 340 24
83 40 252 268
480 269 306 258
215 98 441 497
374 148 213 43
146 54 79 143
95 334 1 128
90 447 459 213
420 484 22 152
33 4 25 275
32 365 125 183
313 248 463 418
172 187 248 28
308 170 93 180
160 403 356 95
468 250 202 316
352 388 235 225
147 237 244 112
140 179 102 369
94 453 279 65
60 118 493 380
33 368 288 86
313 194 123 145
403 133 444 326
495 255 373 31
191 142 492 470
11 331 174 94
333 457 285 453
216 245 427 278
213 250 113 216
415 378 444 237
272 318 363 240
206 119 425 236
363 250 114 417
93 226 81 288
496 279 184 218
179 213 24 111
227 244 315 490
499 494 474 259
74 123 312 337
358 132 95 89
349 221 234 209
34 442 299 316
447 383 221 483
88 478 448 98
374 167 223 263
35 225 161 197
414 461 201 325
357 272 445 296
348 206 345 180
480 382 148 144
320 279 117 222
32 260 257 417
382 406 427 332
265 269 132 440
481 31 82 185
59 338 155 27
348 407 396 352
118 180 142 44
29 438 459 111
253 61 198 69
417 135 320 477
489 34 256 304
218 322 417 338
276 129 12 424
452 125 37 408
494 71 157 31
38 23 361 469
241 143 437 412
413 159 131 109
78 254 45 387
239 296 76 315
348 368 425 88
197 152 493 314
471 192 75 2
201 361 67 437
465 442 5 356
375 230 453 136
166 453 484 351
352 257 101 412
193 200 125 379
473 243 353 470
217 444 435 428
211 270 306 354
299 28 213 163
369 174 259 18
8 387 480 95
460 360 145 81
93 6 413 122
46 66 249 266
242 116 362 36
331 305 386 168
470 482 334 451
392 191 9 445
422 252 431 341
50 235 465 428
496 143 241 378
230 394 209 342
92 324 10 72
348 276 130 397
113 170 110 316
312 5 214 119
73 235 110 145
453 475 322 75
109 301 119 415
104 339 195 180
455 197 15 206
313 303 325 145
407 426 326 435
37 219 284 40
321 110 306 394
43 274 85 128
237 152 427 56
328 341 343 122
356 283 390 211
3 22 439 67
157 262 300 265
330 194 333 436
120 3 156 140
150 16 129 241
179 387 168 56
75 7 80 364
38 283 143 471
199 393 157 434
394 208 7 458
333 77 402 341
151 305 80 58
266 301 321 210
206 297 40 342
444 133 305 121
234 334 268 300
384 285 80 426
280 130 493 87
305 465 207 247
202 456 271 140
434 468 110 92
271 492 266 150
75 67 477 423
172 161 402 246
421 408 446 482
38 202 38 291
238 195 167 246
383 440 3 438
116 317 260 113
301 239 162 26
385 228 307 139
43 409 389 209
478 464 317 335
454 16 18 356
476 192 211 186
180 359 132 215
271 296 29 392
182 424 36 191
404 68 153 343
230 447 477 42
3 208 263 295
468 457 225 282
355 296 149 288
377 36 156 133
228 148 184 185
415 410 425 220
472 319 330 78
455 202 118 308
16 310 411 234
128 336 267 488
401 484 132 268
325 278 372 140
277 405 279 56
134 44 316 204
306 106 216 146
68 113 161 334
264 436 423 424
310 392 272 190
397 211 376 257
157 75 342 100
177 286 480 121
295 163 330 148
233 453 121 46
206 153 67 282
33 470 90 342
471 343 363 214
44 221 407 91
222 201 296 249
277 251 339 128
420 424 414 21
318 5 377 35
287 376 158 444
315 172 199 100
357 138 367 414
375 401 359 126
488 449 454 7
167 265 200 293
354 87 189 466
215 24 92 418
203 2 400 102
365 370 26 99
372 223 8 245
79 99 124 220
224 67 401 79
420 243 184 101
144 274 330 225
229 359 298 274
2 432 213 50
336 367 302 91
382 60 90 162
146 314 160 67
14 222 381 61
291 434 466 66
275 435 60 148
261 4 146 210
450 263 436 359
252 139 482 90
140 487 199 73
272 138 301 359
100 139 360 182
179 244 425 178
196 454 31 486
389 309 458 178
336 340 424 246
480 440 479 407
390 472 427 178
263 14 110 228
353 215 153 322
65 32 459 79
21 113 486 491
394 410 423 296
106 230 102 347
112 86 22 81
30 354 410 450
47 293 368 372
453 400 361 374
163 370 284 320
270 184 335 122
458 164 95 110
131 416 394 197
218 95 3 416
138 249 301 265
395 37 394 21
428 200 437 255
195 91 70 73
16 465 128 406
124 326 481 75
143 255 243 375
215 214 202 98
25 205 315 3
169 272 242 61
104 97 473 31
153 151 40 395
243 22 468 168
176 368 348 449
393 172 475 443
33 461 386 178
114 58 166 53
440 135 183 409
51 397 232 156
293 205 48 125
318 389 227 17
223 495 257 427
114 468 167 84
