1
100 100
944 394 142 746 200 581 485 298 450 28 949 231 844 222 475 665 759 248 287 483 325 627 360 123 804 663 393 498 214 930 913 152 31 873 985 56 834 336 523 48 795 528 207 145 637 974 824 103 348 899 572 28 630 751 988 706 830 412 152 272 437 617 595 21 528 749 998 847 40 361 23 185 777 132 429 881 737 768 457 563 995 51 839 81 991 163 653 884 843 266 489 69 166 943 643 274 38 119 550 104 
130 277 365 924 87 668 289 43 61 860 985 367 965 553 545 296 631 664 574 808 567 462 481 114 479 874 378 792 357 249 831 904 890 370 25 344 532 827 564 116 286 639 545 549 391 933 213 215 629 241 563 226 866 940 517 649 213 863 835 608 643 786 300 293 615 767 939 138 35 873 82 688 547 283 492 300 369 64 81 130 838 6 893 743 271 239 711 636 774 147 530 142 397 258 351 796 854 349 59 645 
405 340 448 835 216 803 896 282 620 603 830 377 517 835 197 899 276 304 145 530 143 369 295 889 304 641 983 165 640 738 909 224 51 591 688 82 341 870 266 970 221 608 439 919 97 132 486 666 178 328 523 532 864 287 142 883 486 45 478 63 751 506 419 279 41 68 707 766 606 420 637 424 155 668 619 103 973 698 490 383 836 16 70 457 130 896 678 869 921 910 618 48 58 651 897 956 347 699 33 155 
46 752 831 92 270 952 578 665 751 298 898 653 930 325 455 183 616 837 155 334 616 186 16 101 26 4 579 479 740 169 76 372 710 2 288 753 949 315 528 127 889 975 189 308 841 29 789 522 602 388 249 224 863 416 302 805 504 787 301 422 64 723 771 558 979 743 265 647 923 921 642 722 32 85 151 24 920 975 467 771 206 970 314 403 278 547 369 385 150 780 948 210 735 276 886 179 130 623 239 301 
81 877 463 918 920 856 172 670 988 499 700 95 25 827 927 42 918 747 728 113 751 1 131 989 296 993 802 36 514 705 851 155 899 675 349 740 369 931 888 319 716 222 475 326 538 624 837 354 186 181 888 448 435 556 662 901 678 210 783 455 507 696 380 814 638 127 321 764 685 567 866 773 351 182 193 640 461 234 547 904 729 977 933 123 98 283 707 206 381 87 92 140 768 671 559 79 323 558 397 29 
37 689 154 803 523 503 643 356 947 538 162 415 392 442 511 600 67 331 484 895 677 809 214 121 773 307 502 715 915 722 638 138 255 70 390 198 70 684 657 937 498 6 800 886 513 917 402 220 411 179 689 361 370 242 291 49 210 730 495 775 471 1000 678 803 399 363 247 17 435 793 73 753 924 499 945 238 257 135 729 499 937 32 282 822 326 859 847 549 704 803 872 277 21 794 618 127 494 317 769 770 
347 446 819 535 914 495 734 911 662 489 344 72 591 806 921 95 145 12 856 691 621 564 978 964 755 112 334 56 532 338 42 498 731 336 238 149 549 559 232 721 508 297 245 852 802 361 794 911 960 832 41 897 499 900 295 468 223 238 945 624 445 67 528 178 359 53 204 140 627 849 567 546 720 192 335 613 350 688 259 278 276 402 758 941 247 721 307 204 628 599 973 286 273 424 829 192 28 433 680 685 
668 634 672 668 329 900 242 511 569 205 856 811 345 111 645 608 154 962 342 381 944 486 283 831 452 770 699 630 481 60 120 981 54 206 85 847 39 638 515 24 381 980 572 699 46 445 247 357 473 853 549 422 354 295 251 347 719 768 785 34 753 863 456 143 277 731 493 328 942 451 239 783 448 346 887 931 574 901 726 777 15 860 33 178 558 49 260 876 488 304 924 801 580 100 633 858 539 334 490 418 
821 555 239 575 595 652 602 85 949 822 364 252 527 958 89 30 135 704 699 579 739 662 272 652 799 464 382 168 400 482 373 757 870 367 809 27 250 866 114 832 834 666 315 594 255 323 945 198 476 436 896 689 778 121 930 365 654 298 484 821 658 698 474 865 278 425 398 517 915 90 345 257 468 95 938 460 426 115 931 138 223 68 933 322 429 611 164 707 961 40 77 8 313 327 313 809 726 565 990 704 
649 815 400 983 53 47 364 576 794 492 357 384 231 543 549 923 373 116 925 986 982 13 843 6 102 56 850 976 481 978 102 480 397 802 208 774 384 946 205 96 332 199 553 641 906 756 503 153 145 590 604 638 556 694 622 613 305 672 26 172 679 673 177 570 786 818 676 203 158 388 338 908 511 699 315 746 484 706 569 140 174 542 475 269 356 180 109 813 651 167 85 377 645 429 703 38 697 403 71 590 
848 904 60 787 918 299 556 332 165 742 691 356 912 519 883 697 132 747 432 724 381 580 405 503 935 733 1000 487 598 66 124 844 876 673 724 2 721 526 188 609 184 750 209 65 555 414 145 622 656 955 155 804 875 759 12 532 345 962 571 669 83 161 493 588 413 949 405 420 856 326 196 258 512 955 38 257 828 903 981 434 252 79 835 422 802 189 628 100 984 772 401 255 601 335 714 111 353 370 11 539 
201 523 998 745 6 718 568 523 988 325 460 26 815 498 260 554 800 753 296 980 580 201 210 389 628 575 970 123 506 372 446 918 33 238 995 889 956 937 280 90 207 43 55 8 535 183 631 273 615 359 779 712 529 193 284 229 662 354 622 739 444 159 648 757 315 56 955 129 588 68 270 558 638 504 15 874 397 729 36 895 328 158 897 223 302 451 865 99 717 842 138 893 447 239 263 542 656 926 758 456 
361 393 959 27 741 115 65 473 715 360 517 972 353 857 100 939 808 280 902 514 346 608 794 626 571 389 804 516 279 12 371 917 29 842 86 845 42 91 319 423 6 116 725 327 148 249 537 535 842 671 565 783 510 623 816 928 139 486 86 363 507 717 40 967 998 309 937 988 648 67 890 442 136 492 377 87 304 960 89 321 937 148 998 567 59 763 965 478 100 341 771 409 991 91 801 236 277 240 43 230 
793 776 893 842 109 118 104 940 750 362 371 86 975 888 674 284 713 14 652 940 412 837 51 121 298 773 735 253 176 570 379 426 485 455 462 46 638 598 232 818 101 209 735 386 77 1 347 766 59 130 966 477 816 340 90 629 1 630 930 981 396 683 600 790 629 965 204 435 591 427 144 852 572 745 781 77 157 859 610 425 845 986 321 142 30 832 229 452 525 678 858 876 224 171 35 895 369 482 332 9 
848 553 518 264 630 920 839 257 642 160 250 613 994 608 968 840 396 303 883 999 514 450 47 86 570 609 705 211 139 728 112 899 110 276 388 682 487 790 870 402 506 899 883 631 488 260 585 56 392 670 312 856 454 576 964 949 216 923 249 809 663 500 977 60 457 104 420 954 852 336 598 176 681 448 900 538 785 164 930 446 504 986 176 201 106 741 393 469 512 169 190 234 818 663 430 881 170 654 626 482 
189 98 685 871 299 196 199 369 401 922 16 202 570 732 160 822 810 112 109 161 142 17 968 985 238 998 298 856 402 878 962 242 322 252 180 500 65 511 263 226 2 6 868 450 631 796 361 383 523 228 718 44 154 168 78 205 916 990 602 924 134 378 727 180 903 417 509 970 615 332 941 739 119 59 15 695 909 804 750 372 794 488 291 879 14 91 304 823 261 193 853 227 730 988 595 563 852 225 742 321 
540 380 856 672 612 851 738 373 824 513 225 656 223 488 819 96 861 529 480 764 957 558 496 294 356 698 312 855 420 951 391 106 426 973 143 696 926 214 323 499 375 750 378 603 679 885 780 373 471 973 721 218 598 90 854 860 217 575 929 792 360 357 448 27 193 927 625 237 366 637 450 46 536 661 666 477 221 236 299 400 407 22 997 383 148 823 424 70 864 858 946 738 294 382 952 505 974 42 542 955 
749 280 893 329 512 822 674 192 679 386 10 613 610 722 568 267 622 709 340 468 609 681 353 103 664 199 285 575 665 429 413 976 23 432 216 308 151 570 487 777 620 808 234 894 326 854 406 63 307 16 116 950 180 257 48 470 8 647 373 329 372 89 775 133 157 806 772 183 344 584 666 18 367 979 18 371 208 515 765 670 201 790 602 839 830 754 381 747 267 874 718 493 897 814 390 859 24 657 924 559 
458 595 195 824 985 717 119 150 585 941 221 826 462 305 480 748 367 264 759 897 85 429 555 105 631 153 102 236 608 722 167 64 965 864 408 849 510 220 508 812 636 146 261 914 434 336 917 544 524 379 762 956 321 609 456 809 928 723 585 982 899 818 232 130 259 987 374 928 428 968 83 395 869 520 5 366 694 650 594 297 708 856 768 836 525 615 834 938 856 986 624 626 295 408 992 881 681 153 501 894 
656 900 578 55 868 151 270 287 224 535 491 508 696 67 432 644 107 446 124 213 268 272 740 118 363 842 159 616 729 838 747 570 626 40 604 918 475 584 789 529 956 297 162 195 556 205 847 288 386 337 661 263 838 571 159 435 985 95 443 37 695 547 861 600 414 56 767 552 231 306 860 490 866 995 361 411 580 274 667 275 900 279 909 854 354 567 368 712 110 85 245 259 560 79 566 767 84 706 932 316 
247 600 866 710 994 606 278 57 392 561 426 328 457 488 912 977 620 23 94 258 542 488 801 858 512 741 909 72 22 285 13 167 516 785 214 605 685 43 441 705 720 276 255 619 13 353 571 213 376 614 871 983 636 227 198 251 705 868 140 259 613 595 384 469 200 305 981 97 576 496 816 774 80 130 532 201 974 898 543 564 433 261 177 972 463 348 549 992 648 373 740 597 683 695 668 983 563 497 746 39 
805 163 309 982 503 611 558 90 446 783 826 950 717 907 573 449 484 696 11 536 624 711 644 89 324 867 826 700 408 397 87 993 297 559 533 220 515 149 682 80 976 585 271 330 890 26 159 51 591 679 995 995 735 67 558 507 760 924 144 434 906 629 598 228 556 733 512 407 111 571 619 188 575 868 338 274 560 942 15 856 230 963 691 529 911 604 979 30 138 184 368 845 691 691 109 624 688 558 330 545 
273 879 358 769 529 251 587 690 903 624 786 890 438 116 410 138 50 719 240 723 131 970 604 473 268 209 610 478 405 495 400 638 425 91 299 53 103 455 79 32 470 878 366 362 187 396 570 843 796 292 454 883 33 501 858 685 937 601 457 479 648 107 669 886 514 481 479 172 663 339 638 992 402 726 695 659 201 537 347 32 72 49 455 727 206 582 321 736 409 902 972 453 52 674 54 102 808 934 237 979 
816 527 449 945 438 721 737 880 569 444 347 377 152 389 108 421 460 59 905 851 207 448 954 205 598 492 610 617 12 658 320 832 486 507 397 901 908 557 760 198 613 650 239 455 725 480 993 124 13 136 913 273 864 850 280 328 358 444 705 946 51 109 731 634 282 231 971 147 711 793 511 353 27 178 735 59 385 630 490 360 524 963 63 753 920 630 857 861 271 112 726 230 832 409 664 441 829 570 463 337 
889 924 688 256 702 311 694 708 478 990 28 457 222 335 169 134 41 8 575 804 579 458 816 741 600 398 8 752 605 999 662 947 725 70 804 828 608 725 847 972 299 36 274 625 230 889 493 845 571 63 106 771 940 152 312 404 128 497 50 5 739 63 2 382 23 371 397 424 903 983 221 788 963 146 288 463 281 515 588 344 335 614 817 365 450 436 817 23 728 986 236 785 68 354 768 635 222 274 706 181 
340 754 135 204 309 393 668 29 534 556 932 755 830 278 13 938 950 604 736 444 95 816 546 920 672 161 231 684 45 259 273 24 564 992 232 87 20 491 743 692 323 697 723 492 160 225 58 432 844 684 873 602 133 220 145 789 809 251 247 571 813 293 732 610 893 947 432 249 727 926 473 219 285 666 214 53 551 827 249 9 55 686 210 797 470 626 129 854 562 265 152 795 230 788 670 35 871 943 897 398 
586 948 967 729 456 726 863 5 756 88 859 85 143 279 770 544 294 787 216 203 930 950 626 452 152 306 569 789 212 809 845 383 347 527 211 125 473 328 381 935 701 259 46 998 713 619 767 73 177 244 304 424 271 402 3 148 9 399 995 766 81 356 740 888 120 352 729 931 181 122 122 7 678 917 242 360 270 897 726 827 851 469 816 445 210 904 804 821 832 971 253 798 745 102 909 79 239 342 879 786 
758 969 765 512 841 478 176 439 159 70 328 619 30 494 798 757 92 90 35 253 78 509 319 502 827 502 886 516 867 287 293 905 667 486 712 60 294 777 356 844 469 229 234 714 885 775 12 110 851 52 690 902 355 485 996 926 849 390 126 760 38 483 777 906 471 626 253 155 779 842 148 893 292 695 265 556 911 741 17 164 160 648 903 567 138 868 511 974 343 921 38 522 31 609 77 707 99 47 913 983 
82 95 291 653 892 847 812 316 151 237 69 93 702 928 640 545 939 434 584 527 895 27 313 434 251 26 941 402 426 604 16 689 190 867 87 716 863 675 963 892 878 715 352 465 967 121 730 858 678 103 827 923 172 571 610 267 404 682 249 149 285 276 18 128 34 97 49 724 55 538 891 999 216 928 70 939 806 191 971 363 429 512 356 626 8 626 869 263 640 256 961 906 556 393 51 459 558 873 323 939 
581 377 138 125 624 144 342 55 475 385 258 413 744 594 192 615 171 285 51 87 579 363 383 846 110 855 556 870 261 624 774 332 628 913 206 198 15 804 12 511 115 201 328 46 821 179 510 772 371 810 859 577 535 347 184 430 669 27 990 26 633 153 131 969 797 724 708 862 786 868 182 765 760 254 361 145 300 850 275 984 103 659 712 102 559 289 424 155 991 944 302 641 625 419 765 563 745 957 135 538 
466 699 393 883 340 210 513 15 704 895 212 943 37 230 803 949 596 601 864 149 449 83 11 809 963 445 919 94 376 426 89 529 333 184 143 112 199 861 937 169 825 229 989 660 54 52 655 605 844 44 734 883 574 967 554 407 738 560 383 603 204 566 256 457 803 666 95 634 38 656 179 680 42 959 377 759 120 808 744 23 875 880 877 456 243 225 68 748 11 895 936 958 360 994 931 597 113 919 327 263 
754 516 456 912 833 548 727 259 704 602 597 225 447 114 392 550 789 443 652 988 428 60 152 294 580 222 675 721 255 825 863 599 562 953 668 756 429 783 259 433 697 428 983 458 886 880 979 536 281 602 380 472 271 461 132 342 888 180 251 363 198 531 214 500 759 547 637 204 83 847 780 502 391 81 832 264 867 568 40 739 290 924 883 329 314 846 154 26 982 273 56 311 448 338 933 33 539 229 937 585 
536 962 602 612 124 333 837 985 350 945 641 671 555 567 441 713 602 975 129 231 371 648 200 385 121 730 651 501 624 173 552 690 530 193 530 286 910 185 466 222 358 827 847 161 700 559 318 584 215 359 795 584 81 990 945 911 527 460 180 254 54 348 154 203 720 191 256 397 411 689 386 317 825 883 807 789 624 63 942 88 58 492 624 664 108 965 614 477 83 338 830 515 448 238 766 870 99 631 505 563 
932 10 832 293 903 248 762 998 860 665 644 75 164 729 919 775 130 943 419 658 174 40 88 482 383 670 123 448 164 551 979 483 536 43 563 391 373 616 642 37 774 286 554 427 994 283 274 234 81 950 854 482 54 672 959 124 649 994 923 443 362 964 338 362 902 887 778 279 420 572 822 594 310 705 854 261 79 963 230 888 368 892 260 434 569 137 370 655 515 779 285 966 302 667 316 123 988 493 17 79 
263 353 640 6 691 425 228 284 951 784 454 108 638 539 74 61 134 399 158 674 343 633 391 687 590 396 529 496 174 887 713 762 672 130 84 4 242 818 594 116 55 510 496 530 652 893 511 805 180 533 655 678 880 295 156 56 66 465 653 481 872 944 813 411 637 113 16 706 734 155 32 149 683 790 654 409 660 917 784 522 845 839 686 3 205 194 487 562 893 557 314 781 897 386 3 205 908 473 54 260 
889 490 690 348 500 387 792 650 6 354 760 327 817 472 864 88 430 767 488 181 328 525 432 466 534 830 407 116 142 965 749 758 843 80 968 600 10 987 451 317 172 995 548 562 172 280 146 362 445 211 673 889 921 394 875 792 539 558 545 216 482 124 991 412 85 352 477 818 893 871 806 217 324 661 164 186 166 495 374 479 553 640 203 770 932 990 694 882 253 875 705 92 744 705 326 521 54 671 613 652 
855 818 268 136 511 150 346 521 144 16 930 373 440 302 958 595 808 348 367 533 427 890 358 889 128 949 968 484 86 638 346 285 896 295 408 67 633 239 380 328 852 660 922 626 763 766 825 339 690 815 356 878 642 252 943 939 483 434 375 692 651 989 131 749 579 596 444 721 879 722 248 37 736 286 221 63 988 492 265 180 131 128 869 934 794 275 127 857 47 137 22 866 64 722 721 60 219 682 648 103 
664 864 853 906 826 272 348 627 472 795 386 447 559 699 434 22 46 198 473 151 979 594 115 992 743 786 548 724 996 957 322 25 354 474 333 978 508 652 413 811 965 190 824 330 887 53 134 954 243 278 794 149 659 726 176 134 595 450 385 342 236 108 747 353 236 532 851 917 643 960 644 203 860 33 916 659 221 1 653 307 148 714 817 710 957 824 277 703 488 415 1 150 356 474 359 934 90 395 83 604 
572 479 652 893 975 893 190 397 927 92 548 863 868 791 428 503 595 212 117 303 358 42 893 796 865 286 848 386 513 1000 777 168 402 528 825 13 2 608 271 890 189 61 317 899 102 726 533 274 151 295 100 305 831 694 431 529 599 370 419 440 141 353 254 186 552 235 987 576 20 645 352 11 287 340 736 39 475 645 28 453 118 726 775 493 508 688 484 797 476 664 636 130 255 933 772 497 286 721 249 631 
477 195 608 641 648 235 111 778 737 235 780 35 883 689 642 742 980 176 447 513 965 579 263 165 223 967 230 752 863 96 618 816 802 46 979 557 394 686 502 165 309 221 956 916 620 643 732 265 394 597 410 379 573 117 708 819 646 209 629 525 97 474 410 348 149 402 388 796 509 13 74 846 777 822 666 510 300 589 55 411 949 214 727 270 150 711 959 260 945 803 737 739 227 793 383 23 812 448 161 453 
794 27 210 340 723 171 455 565 296 463 33 405 347 404 195 713 959 414 505 936 727 181 429 679 60 491 505 126 171 936 883 145 471 52 994 196 939 136 278 449 988 232 814 557 678 473 622 228 164 845 424 726 909 248 588 172 227 139 739 826 518 743 459 265 730 868 637 701 912 596 666 982 814 548 622 450 859 222 742 865 464 239 576 324 660 659 536 760 63 688 78 646 336 351 753 947 23 653 360 92 
236 37 354 378 47 88 188 725 294 730 282 931 831 720 611 581 485 975 478 323 941 319 914 261 112 196 19 395 313 957 553 218 502 140 63 603 213 335 682 757 915 400 298 23 543 111 894 614 431 455 191 891 275 405 715 143 848 255 8 54 459 729 104 420 439 570 301 124 806 430 208 279 773 380 734 573 309 885 977 156 904 671 433 532 24 397 512 604 95 887 354 475 198 773 474 237 814 88 331 497 
638 454 946 932 188 255 113 291 30 129 73 127 342 554 860 433 437 169 981 904 767 974 157 388 310 53 701 481 794 730 28 95 299 125 384 846 612 857 914 530 152 411 902 519 425 385 668 119 621 932 628 162 104 486 858 407 512 924 402 169 944 343 718 383 722 828 815 837 366 438 397 1 830 103 712 906 88 901 396 814 529 617 706 383 52 569 500 268 202 60 852 832 511 229 670 924 337 883 225 880 
371 176 344 863 674 534 747 93 550 166 307 718 712 101 49 366 773 888 406 861 700 962 450 772 367 164 263 489 923 495 216 790 445 75 674 813 970 42 301 894 225 814 723 983 999 414 92 902 871 683 155 238 985 807 776 681 367 573 174 106 386 413 511 222 381 217 617 688 581 715 954 888 547 621 117 310 254 342 440 690 592 852 812 818 877 455 536 605 39 214 217 226 159 134 638 704 637 738 383 192 
305 1 646 576 328 469 33 453 237 390 550 883 578 965 339 892 214 209 552 631 735 280 525 975 232 615 132 352 459 796 214 208 854 745 728 461 709 464 723 51 749 101 415 696 230 409 271 417 27 710 838 531 220 328 882 438 966 212 155 661 745 285 347 699 401 316 216 932 394 603 550 900 324 545 482 735 654 24 162 809 899 32 547 462 180 686 544 974 371 975 861 339 904 150 224 22 665 218 445 222 
13 1000 767 563 155 889 971 661 984 677 642 237 443 912 141 34 74 183 585 487 680 491 156 95 13 299 345 206 149 523 479 393 384 486 536 703 803 365 176 771 984 790 932 379 159 825 109 258 313 513 215 365 366 382 217 465 186 379 530 922 961 862 913 1 398 97 16 566 105 62 776 292 134 149 329 951 790 256 473 414 935 793 243 586 633 587 519 514 281 596 846 173 710 380 446 609 178 248 865 671 
520 324 314 225 891 10 712 875 503 80 878 580 423 599 746 755 229 663 465 412 312 888 847 259 980 92 38 454 473 410 383 845 614 781 508 879 682 523 110 129 5 238 917 592 74 229 366 536 155 153 804 575 348 288 67 736 765 681 92 960 323 725 420 805 826 387 390 74 799 319 976 979 609 246 972 125 260 74 371 656 116 118 653 84 663 983 815 544 251 187 773 299 164 840 579 323 847 375 491 239 
378 319 145 3 448 57 175 377 327 27 461 349 43 744 80 331 511 467 476 997 453 967 890 898 796 639 608 895 625 727 269 680 203 667 901 88 787 5 675 784 157 782 17 404 729 905 814 111 57 332 295 8 301 57 271 698 78 324 883 422 857 322 218 686 524 943 829 638 770 332 985 393 211 869 282 589 951 489 577 665 656 883 670 992 54 813 214 59 619 107 334 247 845 640 568 572 202 155 177 389 
817 480 773 753 54 376 484 22 280 752 671 543 151 335 406 60 269 756 929 484 507 288 274 373 509 746 112 905 666 24 767 122 342 370 89 348 713 176 211 475 868 63 803 920 816 657 878 929 246 946 358 278 1000 85 979 262 427 590 149 8 730 589 624 297 757 95 303 355 883 155 844 608 899 163 813 590 404 174 240 466 603 363 647 957 46 356 182 124 551 344 192 174 682 910 244 113 533 203 857 784 
579 514 542 798 359 278 389 90 929 985 286 723 147 325 979 99 383 284 617 193 618 419 391 943 838 712 392 94 369 475 543 599 986 10 456 329 543 543 339 188 297 46 645 930 109 594 99 44 89 327 712 894 265 453 269 71 544 974 991 136 551 524 469 475 728 155 548 681 62 419 484 510 341 196 702 319 962 450 119 701 520 130 919 400 655 641 845 437 279 921 586 649 25 305 928 724 534 723 252 740 
589 465 449 996 749 678 922 773 538 171 989 401 549 659 618 64 460 459 573 486 983 241 303 590 534 901 846 428 898 469 316 321 77 641 607 143 276 298 168 705 373 702 553 666 534 386 9 810 743 621 815 45 562 749 974 879 707 551 205 152 752 75 681 28 822 558 737 363 365 335 427 710 484 720 800 174 253 10 853 704 907 562 250 812 683 929 322 728 323 699 591 506 919 557 990 897 177 776 490 168 
501 176 273 12 987 450 133 255 303 40 990 713 7 834 834 244 307 250 101 35 582 189 780 35 98 592 879 120 943 182 536 115 546 925 243 873 150 948 934 714 693 47 236 287 260 234 494 622 337 247 420 451 290 602 392 671 892 452 17 86 81 207 308 877 768 252 105 145 550 803 278 436 246 210 995 972 21 7 881 276 383 412 913 533 773 517 690 424 887 540 856 465 417 283 887 566 701 189 8 598 
489 230 576 351 370 191 866 391 668 198 820 2 339 252 793 440 451 57 728 736 39 205 352 689 726 330 607 995 550 155 347 894 574 410 388 194 209 580 195 418 134 16 969 903 411 530 555 284 638 540 300 595 739 57 949 691 434 956 571 764 46 585 975 370 802 805 386 18 393 846 532 614 332 421 26 510 273 396 246 526 933 460 131 291 375 492 743 538 112 121 37 326 436 733 257 719 865 886 895 106 
109 617 521 884 679 840 676 922 66 257 519 646 341 62 159 299 41 903 497 456 236 184 104 969 480 818 655 249 363 32 256 168 897 247 324 623 835 540 287 669 911 884 917 812 950 674 403 825 871 548 871 818 998 226 899 101 87 32 871 482 785 189 679 26 743 386 912 971 943 498 566 926 960 410 777 746 721 113 319 330 147 622 501 794 9 839 179 155 228 379 297 879 1 507 776 856 50 43 547 77 
769 329 466 733 347 720 426 415 671 916 739 704 957 482 675 536 318 987 932 219 209 691 545 876 696 939 597 19 387 335 967 709 725 378 752 320 978 356 516 858 470 615 789 210 223 512 759 55 799 520 480 429 455 855 287 843 700 422 762 883 56 810 506 150 517 644 175 341 265 412 347 636 387 331 33 89 699 225 875 666 698 268 863 922 655 371 185 908 668 497 831 629 356 609 943 699 405 687 955 347 
860 662 969 989 246 767 212 54 778 634 702 814 833 158 512 893 309 829 646 99 581 877 751 312 838 111 36 107 778 66 59 369 162 663 63 720 191 176 989 205 85 627 340 39 395 297 760 713 454 342 953 32 173 965 735 850 315 227 137 180 326 244 804 290 132 275 222 175 114 768 601 672 378 149 604 216 718 796 181 252 791 408 507 489 348 300 162 558 291 594 460 451 19 825 387 255 675 174 178 712 
149 656 636 507 646 294 258 439 773 728 86 469 574 130 231 458 282 602 285 441 310 756 368 900 430 524 920 553 589 567 294 338 459 698 692 655 989 995 424 174 878 984 174 601 33 706 149 461 641 851 34 277 252 468 471 351 997 96 428 562 264 837 423 835 251 230 471 930 820 456 750 765 602 57 894 110 161 334 535 897 373 349 393 641 802 10 876 486 102 42 897 88 253 360 408 460 875 766 613 694 
69 661 32 587 414 859 344 35 706 255 371 793 691 998 191 801 642 948 573 731 878 884 172 273 788 496 749 720 408 797 341 77 22 304 188 215 860 555 990 823 215 246 532 881 6 997 576 807 209 591 38 363 149 112 821 814 219 854 594 590 128 995 78 988 108 115 505 92 686 376 714 657 883 88 301 750 755 45 473 946 677 899 322 256 347 638 992 374 306 981 432 754 228 442 534 219 590 822 144 678 
306 78 812 913 684 725 309 276 243 464 470 68 823 418 344 893 267 456 899 744 415 283 654 970 93 598 856 393 260 440 961 703 902 258 91 707 666 750 678 225 448 74 533 882 749 713 837 466 467 414 734 460 268 298 621 889 33 314 421 198 122 517 979 501 321 189 99 401 250 484 663 614 558 92 875 226 102 516 561 307 283 250 205 444 749 343 881 664 823 452 229 73 701 827 198 821 618 913 240 224 
43 131 388 501 209 403 704 685 719 270 900 326 701 408 65 417 856 981 390 789 43 100 706 297 128 194 524 547 885 167 776 123 986 101 936 92 37 879 184 144 911 748 142 849 738 387 125 33 445 668 560 629 747 163 955 94 276 177 502 707 773 806 257 394 67 833 189 433 733 793 413 209 347 347 448 720 370 641 379 84 907 334 292 970 976 448 256 839 814 516 375 678 453 770 391 639 902 126 157 717 
688 269 68 501 713 942 109 490 303 965 825 262 1000 608 794 510 494 430 287 995 46 117 156 458 462 626 61 187 537 449 125 336 129 118 383 17 208 305 872 407 198 919 435 725 382 47 744 724 568 168 793 842 733 113 52 959 633 295 654 603 127 566 21 643 545 481 84 245 30 163 891 438 357 116 509 990 524 909 430 347 312 383 355 692 318 542 851 872 837 122 846 129 797 698 553 87 942 893 383 850 
420 591 637 843 275 840 945 821 215 535 822 412 411 241 289 111 146 995 788 563 809 51 454 322 454 113 773 82 423 670 667 802 450 465 823 418 729 282 733 33 90 783 203 908 317 373 323 753 368 512 399 625 807 797 48 623 71 990 323 391 785 11 607 568 229 41 381 161 48 414 786 741 692 184 694 54 108 692 435 242 804 203 172 700 849 339 280 116 396 127 148 609 998 612 641 457 353 275 189 679 
634 628 387 867 572 234 31 428 673 433 835 807 408 409 182 486 55 622 990 733 777 895 908 272 621 962 290 229 361 121 227 321 791 505 573 595 137 121 110 342 573 50 9 777 690 978 560 205 406 687 943 240 862 59 378 157 270 946 943 367 785 822 446 938 637 868 90 316 525 294 470 534 381 824 286 542 907 690 416 541 540 223 420 369 728 750 246 28 348 378 64 730 187 958 826 871 349 827 952 886 
764 19 862 329 853 38 559 214 596 590 937 247 726 783 903 419 667 807 964 887 591 959 571 661 378 905 532 582 362 943 341 663 910 422 614 826 509 440 503 609 198 605 780 360 281 771 797 741 270 568 725 444 637 522 120 420 945 752 601 494 375 893 814 372 837 110 760 147 899 558 711 745 256 47 278 8 544 625 975 954 599 599 129 617 18 456 306 898 926 163 220 803 200 111 670 870 11 205 828 934 
619 43 430 15 211 139 468 903 754 403 95 397 163 386 944 861 370 661 998 762 936 661 689 476 169 948 187 977 653 203 874 192 154 220 504 942 563 316 454 967 249 184 647 345 338 441 32 518 320 912 561 862 978 788 805 380 342 38 122 459 68 376 486 674 97 866 189 398 574 829 235 290 617 429 67 210 657 82 378 182 8 346 535 537 416 193 114 841 380 145 820 519 126 958 524 156 51 506 798 3 
602 74 523 379 460 504 881 278 890 414 953 967 596 473 593 587 415 492 628 115 206 944 351 988 204 710 482 325 920 225 635 923 692 882 783 924 883 520 952 906 319 952 532 514 71 922 382 19 365 831 506 799 73 333 459 652 612 323 517 153 870 781 395 326 332 63 831 358 515 908 974 681 878 844 208 286 375 22 431 804 999 246 169 593 853 388 132 566 826 41 947 270 82 689 261 72 574 705 699 105 
690 352 544 17 934 686 246 809 184 202 862 90 575 152 425 227 692 441 146 234 130 165 985 61 816 282 24 928 114 660 203 640 84 943 371 325 535 314 263 388 612 7 67 38 380 763 804 841 866 936 694 844 328 996 515 275 897 528 63 221 341 590 416 551 878 557 908 269 292 628 936 236 297 487 84 55 546 504 284 9 104 188 270 431 892 837 259 582 561 539 269 401 49 115 28 185 864 376 173 468 
411 497 281 409 591 666 174 887 353 663 567 639 947 412 612 322 883 51 149 144 335 215 733 194 327 10 255 268 329 163 466 990 776 391 489 539 191 464 751 503 394 856 199 760 725 422 723 993 141 937 155 334 868 546 502 740 839 734 954 269 476 1 499 678 429 826 540 548 567 569 566 344 147 432 982 754 242 637 657 387 111 231 19 341 103 558 190 295 230 312 937 332 142 150 727 587 203 463 226 462 
810 281 55 811 954 942 714 789 311 106 853 730 929 296 472 957 111 36 667 695 696 189 928 486 648 830 924 962 50 905 620 499 353 12 875 636 954 419 833 814 76 671 429 878 587 166 471 508 289 503 816 134 863 913 414 355 686 511 400 534 853 635 55 200 364 36 582 523 853 900 888 329 544 414 568 429 779 425 310 75 622 473 549 659 223 196 365 355 70 836 7 408 776 348 212 871 303 73 627 855 
888 643 691 535 743 785 601 148 735 217 385 820 975 410 106 361 355 446 898 752 646 824 454 203 455 713 999 307 922 394 192 873 251 503 16 137 968 484 445 655 376 737 945 868 648 162 818 97 112 689 452 664 441 159 598 9 832 833 20 285 920 538 826 295 370 965 621 180 383 80 755 391 923 937 441 268 437 555 105 500 5 418 830 206 302 123 417 870 163 144 800 84 525 971 6 93 240 813 84 937 
583 565 16 977 784 80 20 867 449 333 236 942 962 783 30 943 130 852 434 917 368 313 664 878 556 672 775 589 376 788 426 631 542 909 29 405 962 821 324 697 39 224 16 529 292 380 694 539 250 4 564 875 704 933 492 482 755 16 597 106 578 761 304 479 551 59 391 474 13 225 549 805 238 646 425 546 263 31 991 395 740 44 460 552 477 98 357 997 858 233 388 824 841 632 854 657 540 505 890 565 
500 718 496 205 204 323 641 445 499 869 888 452 508 75 878 275 527 136 296 252 268 779 490 155 632 982 556 843 48 688 638 885 159 655 942 13 736 873 258 319 604 5 967 635 924 876 986 935 654 274 996 99 163 795 998 978 716 353 227 75 677 90 418 721 443 375 154 619 623 394 921 146 196 551 66 498 710 451 860 549 166 863 257 763 782 11 921 701 736 409 662 963 424 17 795 124 801 89 253 30 
380 449 428 251 486 995 311 39 347 296 819 368 729 4 178 718 245 667 638 332 450 867 817 339 787 152 711 437 408 34 860 171 541 978 682 922 556 862 892 12 563 45 259 405 501 258 959 28 662 915 16 63 76 404 367 65 957 262 867 156 247 381 927 415 801 118 696 119 213 976 923 516 698 458 336 73 44 108 292 710 321 965 815 919 294 387 318 630 668 715 162 822 379 49 751 861 525 8 275 939 
744 138 741 883 34 911 104 518 403 380 468 426 720 441 110 747 808 270 261 347 317 156 796 880 791 103 670 269 68 974 22 146 504 578 780 42 262 871 788 748 144 832 30 354 368 441 486 911 887 961 383 653 45 410 513 910 205 70 378 214 983 967 602 845 239 189 946 656 991 581 377 811 205 479 843 135 791 156 66 390 1 899 992 812 63 827 69 875 314 562 48 332 192 509 389 530 267 845 575 323 
313 306 150 893 254 810 625 934 202 384 601 862 855 549 100 447 88 870 366 858 408 614 463 608 941 474 769 360 190 794 119 770 349 318 59 264 917 240 615 181 513 214 603 582 374 320 965 420 727 157 422 690 281 533 348 722 161 43 406 290 792 258 111 448 150 951 108 789 967 406 521 965 367 455 711 377 816 727 389 506 436 44 947 774 468 500 548 327 277 903 462 244 442 660 350 127 958 390 265 992 
459 794 803 769 429 199 461 444 671 185 261 389 344 720 731 260 633 473 392 115 22 370 923 736 946 619 678 349 391 609 751 494 11 169 592 242 43 8 29 863 76 527 277 123 800 44 899 324 680 120 766 92 217 132 239 125 882 353 476 722 786 298 243 24 994 222 543 860 341 62 246 438 807 864 77 4 780 764 433 417 196 355 985 980 482 95 499 792 180 176 710 425 414 985 981 628 101 470 724 311 
54 932 474 650 343 376 237 611 115 714 134 771 72 261 465 922 787 78 415 383 163 450 373 199 335 849 710 547 703 874 85 157 24 893 834 734 893 306 948 593 201 162 188 2 78 280 984 403 460 737 143 496 779 755 336 869 967 194 55 250 470 605 705 14 433 504 960 174 58 379 929 675 877 975 446 433 285 260 452 856 219 887 281 366 894 296 424 829 794 7 791 385 896 846 443 637 62 309 886 310 
211 24 719 894 605 916 517 695 384 472 44 606 412 606 592 799 13 857 636 78 908 20 931 154 691 722 608 831 415 688 501 326 983 909 625 312 658 633 394 392 774 126 700 522 493 279 809 714 967 279 938 43 197 583 444 628 157 105 140 759 747 22 640 149 100 846 210 360 814 776 677 463 40 244 670 129 331 364 539 635 84 172 941 487 189 210 98 785 158 797 669 456 94 370 678 473 134 158 876 976 
267 975 721 204 156 904 41 503 265 579 287 769 436 838 516 576 572 255 911 495 699 501 178 95 893 97 217 765 778 754 236 31 170 222 399 786 326 865 437 904 663 101 915 653 266 667 840 606 195 468 232 63 459 242 490 941 457 369 189 642 292 577 445 564 300 89 194 60 229 927 264 206 36 670 272 151 737 196 601 287 351 579 356 297 949 392 333 561 79 603 648 236 584 614 203 349 329 658 727 239 
874 127 303 290 19 342 235 886 66 466 814 671 481 670 897 731 618 899 958 807 303 296 343 459 495 644 991 398 452 46 767 648 989 265 265 734 276 18 760 432 708 571 468 611 485 671 938 669 213 24 20 362 847 514 838 627 429 25 686 352 644 127 986 282 571 3 904 225 876 432 259 889 207 239 216 256 333 31 382 33 249 50 461 447 308 188 578 82 177 56 442 476 35 298 916 813 32 692 360 969 
703 959 325 222 832 129 539 638 390 20 662 531 394 523 205 106 833 489 233 336 491 29 281 483 111 971 977 146 416 836 449 821 783 623 356 60 184 11 134 369 381 887 88 422 330 556 587 868 471 441 92 455 804 925 757 445 452 178 399 648 424 233 786 766 795 364 261 27 684 428 429 608 62 707 426 742 200 204 67 690 945 426 367 866 417 90 174 650 793 255 836 896 12 143 728 476 560 598 635 818 
620 399 983 929 857 25 454 704 423 306 996 868 60 745 409 504 848 645 716 997 844 498 579 367 793 558 346 54 481 441 33 83 79 761 991 754 607 164 770 278 609 107 21 852 793 274 607 140 359 912 780 465 216 345 90 430 907 301 544 436 851 784 376 800 38 854 527 147 613 735 934 598 992 556 287 983 718 785 428 26 576 679 91 696 121 446 188 1000 245 468 651 788 788 794 469 521 630 596 169 421 
600 381 593 518 597 809 283 376 844 49 908 317 731 587 205 641 465 633 660 358 663 310 579 318 775 241 441 57 66 439 184 262 182 250 608 107 793 818 569 79 773 706 538 311 140 804 71 251 533 859 328 12 625 446 727 645 577 768 678 118 82 639 197 31 207 530 928 389 43 934 523 922 94 654 539 717 877 589 608 550 515 914 154 782 954 31 44 337 443 183 703 771 942 308 46 754 757 999 247 487 
754 230 763 330 137 131 844 70 223 533 768 105 606 995 483 59 184 700 702 827 891 85 331 48 861 436 763 906 136 685 712 275 907 555 733 326 230 694 399 64 498 844 981 789 967 515 500 394 465 165 684 540 992 637 64 850 200 34 670 521 128 891 705 76 471 158 385 474 867 159 375 484 510 630 82 353 482 489 586 705 904 812 927 821 87 228 375 788 169 544 761 645 428 945 331 179 690 879 932 927 
839 891 530 144 127 560 147 735 888 708 219 471 600 503 205 517 462 630 642 214 812 858 268 218 533 730 954 528 134 834 936 939 26 259 449 1000 694 692 734 36 997 786 433 904 747 764 231 556 205 567 194 328 951 27 98 349 376 386 408 291 116 54 41 838 419 806 112 31 776 625 242 107 961 886 164 564 656 142 373 2 696 773 426 894 868 58 251 332 970 170 256 882 732 649 918 752 4 283 560 460 
204 644 319 954 57 879 950 118 147 955 999 841 847 145 928 357 932 645 591 737 337 336 636 447 892 153 338 242 243 47 507 670 960 256 121 433 843 924 308 937 394 802 717 392 226 618 254 182 815 866 931 552 932 891 490 939 458 677 688 280 528 219 697 282 92 589 969 955 257 30 929 457 52 978 658 453 504 352 22 308 861 241 337 934 262 783 333 178 472 602 648 320 671 552 395 102 705 943 776 789 
312 232 853 566 871 740 977 871 274 402 194 981 254 100 826 78 550 283 785 783 22 29 903 814 53 137 351 613 704 997 451 857 756 113 176 52 467 74 502 594 166 133 454 5 146 499 253 500 923 549 226 913 654 73 971 431 158 636 97 202 154 694 943 683 99 69 961 686 576 176 394 969 384 317 249 16 549 586 307 946 325 519 284 330 867 406 146 739 462 15 277 92 582 725 873 696 340 396 188 90 
739 791 228 479 260 745 102 240 614 923 817 731 329 879 268 192 764 453 493 858 835 34 136 535 388 727 155 766 2 341 500 461 19 869 754 351 537 37 625 670 348 212 448 19 579 265 307 598 904 373 985 346 11 5 711 392 544 509 615 839 494 48 187 567 2 885 752 119 608 441 753 51 396 996 410 900 783 606 150 724 42 730 842 664 380 414 962 153 857 485 630 936 348 589 789 783 703 960 318 278 
739 157 358 666 584 202 45 753 40 658 991 70 684 862 342 769 169 298 570 304 797 459 171 587 91 5 113 321 695 500 777 636 459 613 829 292 999 529 893 872 493 434 799 614 65 701 940 206 506 789 970 681 92 409 931 439 632 891 76 290 245 551 621 385 713 818 66 50 893 350 711 205 406 198 42 741 513 264 451 903 537 498 704 488 763 922 393 814 818 596 23 936 428 177 795 455 213 219 967 607 
997 467 137 214 859 635 843 458 565 264 759 66 821 703 166 41 926 558 357 683 630 844 289 26 791 443 533 810 756 76 998 589 857 336 124 260 402 756 163 379 931 202 348 592 193 189 292 111 357 530 60 341 811 796 185 89 677 465 202 185 340 941 250 126 135 226 758 386 904 665 679 809 47 682 362 755 405 765 814 64 51 90 720 354 57 729 484 564 962 23 56 138 433 648 480 679 581 675 20 988 
525 935 922 404 27 712 626 791 190 57 445 958 139 718 698 581 518 544 3 644 120 837 460 308 288 620 618 904 774 977 761 401 570 830 633 229 418 474 564 431 22 631 390 526 338 154 346 626 441 7 910 869 60 522 38 890 385 122 295 237 435 97 86 640 158 679 340 93 958 195 428 90 918 995 404 331 602 2 282 2 816 310 174 174 618 303 197 881 816 50 148 98 942 513 363 19 265 106 804 284 
337 755 984 644 218 537 707 43 688 14 109 650 145 570 359 171 638 539 685 721 282 185 442 209 991 387 893 971 975 481 452 310 872 16 317 694 296 495 798 347 159 660 954 349 73 453 466 130 270 599 964 672 325 869 940 965 803 562 191 811 744 16 209 464 774 445 994 430 553 430 17 671 78 704 881 575 692 99 680 866 94 777 303 518 725 984 677 693 298 92 679 994 582 501 435 695 857 20 635 791 
881 985 414 149 327 710 230 590 4 509 195 104 892 413 398 200 438 679 108 168 655 250 510 738 641 392 421 913 380 81 966 441 187 82 933 116 716 524 257 162 594 206 969 691 224 918 260 371 404 510 69 908 433 262 883 659 399 712 356 24 295 724 455 603 172 474 91 90 580 737 140 987 161 721 208 539 45 257 899 11 390 104 162 874 22 661 630 294 807 369 275 821 420 228 434 265 554 353 935 466 
115 282 385 299 719 792 472 696 545 153 197 761 110 244 91 225 823 768 380 955 820 268 112 112 157 800 259 732 690 415 943 502 14 547 79 290 371 135 404 569 280 785 621 797 610 581 635 590 479 101 326 83 519 527 206 749 338 300 742 550 508 723 109 451 453 712 175 639 638 315 779 198 522 738 413 330 641 72 60 539 77 459 717 906 114 820 218 765 682 790 578 337 716 778 309 406 144 427 497 74 
228 798 966 695 261 959 318 754 604 900 211 697 225 556 165 759 326 386 581 91 746 478 766 59 268 55 2 805 374 358 732 485 526 46 304 835 466 3 712 14 599 146 584 846 518 125 122 451 519 500 108 916 907 467 762 373 879 933 752 907 91 515 764 440 767 95 741 102 933 298 414 18 638 931 201 720 710 747 673 957 826 418 614 126 146 307 663 702 19 66 383 195 855 817 694 537 82 14 95 433 
782 149 834 221 57 583 270 422 321 845 711 609 972 818 588 856 311 730 466 441 22 65 64 181 462 974 972 107 615 921 847 120 95 624 12 340 42 702 435 615 341 335 800 285 548 39 894 256 976 558 738 794 394 892 639 225 965 430 675 256 333 28 31 38 279 259 435 607 807 24 173 868 491 262 139 182 167 51 919 186 353 473 886 536 721 368 1 729 817 318 652 357 748 178 101 628 660 310 415 958 
402 563 105 168 983 304 684 736 685 402 202 120 790 129 586 354 584 496 45 267 229 944 41 464 709 121 649 102 382 866 794 474 804 621 163 869 757 701 818 791 928 575 101 451 629 647 754 372 530 377 928 731 675 8 516 786 678 955 788 989 274 878 848 351 34 119 669 448 964 871 401 598 767 973 883 874 458 146 768 804 771 167 837 684 627 59 22 600 999 91 998 36 705 655 7 831 130 79 141 986 
187 68 999 672 22 408 112 403 715 737 376 472 617 109 833 504 859 587 755 760 452 984 475 942 293 665 261 710 527 510 92 652 578 19 516 280 327 741 207 349 943 726 780 941 944 226 594 873 723 432 125 533 234 427 473 596 707 566 7 410 543 431 710 250 476 517 248 111 507 776 466 716 569 179 747 749 199 619 625 438 319 973 547 91 401 875 54 336 753 511 293 625 313 188 1 575 134 533 628 515 
995 719 933 883 487 383 974 349 868 5 596 521 982 245 355 651 870 738 60 353 399 726 398 153 194 59 906 236 83 818 631 852 371 934 567 257 104 259 794 598 799 57 421 897 659 890 232 599 393 988 842 947 198 954 238 41 168 367 642 361 613 808 767 869 24 980 117 376 658 712 311 758 17 130 136 862 821 405 631 152 214 430 819 965 989 906 321 837 962 42 636 402 845 296 758 566 412 900 265 172 
877 824 84 348 128 601 167 933 925 431 913 687 742 692 925 980 369 826 486 930 936 640 595 232 372 633 336 981 813 854 56 763 975 852 303 799 157 907 731 349 493 752 761 122 988 102 117 809 451 419 902 393 70 244 444 335 485 121 192 536 151 936 363 103 560 53 74 116 988 938 87 364 334 961 874 204 831 879 489 150 942 861 722 310 789 577 217 301 745 445 663 703 154 772 110 434 687 684 380 365 
