70 40
734471120 924
235842996 305
120492984 816
385814649 692
348751492 417
169984295 391
728781378 718
51049998 624
672683538 369
8532375 456
858540183 287
214605709 280
44101601 599
736251608 620
401359918 353
12772629 713
779064369 389
513770205 976
595587667 352
766844768 205
330710596 159
944477876 415
296135038 973
867122693 225
999104681 927
816433214 419
735770698 215
685268165 922
88859893 298
415001003 125
714719189 163
331083551 983
381421958 558
245857261 107
449471312 624
773865134 29
654563795 259
544706583 362
271419938 832
624550110 275
140000693 970
833202184 675
177054949 742
360676392 701
497539177 841
608651003 394
55967376 365
558558274 906
489621012 685
266915308 535
669633915 675
424306933 442
464156155 709
127412892 515
233359141 92
858617062 1
45462676 185
954163927 597
915322297 976
340948816 670
943034063 825
477636190 171
594367076 790
141423474 463
693126349 439
728113114 133
154151926 263
539474323 398
826466265 80
206400524 214
